1299796924 seed, 60 fps, 1280x720, fullScreen=0, version13_level20_tutorial0_tutorialBookmark0_mouseSpeed1.000000_[12]powerUpSpread#[12]powerUpBulletDistance#[9]powerUpBounce_levelStack3_3025385483_3451724343_720135969 F331D87389A58F98F92FB23435E9318E8123782E
4 mm 388 439 mm 395 480 mm 640 360 mm 1116 544
1 mm 1113 543
1 mm 1260 540
0
2 mm 1279 529 mm 640 360
1 mm 659 354
1 mm 672 348
1 mm 679 344
1 mm 685 341
1 mm 692 336
1 mm 698 331
1 mm 701 326
1 mm 704 322
1 mm 707 317
1 mm 709 313
1 mm 713 309
3 kd 100 717 305 mm 717 305 mm 721 302
0
1 mm 731 300
1 mm 736 300
1 mm 740 301
1 mm 742 304
1 mm 742 308
1 mm 740 320
1 mm 734 334
1 mm 724 354
1 mm 715 374
1 mm 707 393
1 mm 701 409
1 mm 699 417
0
0
1 mm 699 420
0
1 mm 697 420
0
0
0
1 mm 696 420
1 mm 692 418
1 mm 685 413
1 mm 677 409
1 mm 671 406
1 mm 666 403
1 mm 663 402
1 mm 660 402
1 mm 657 401
1 mm 654 401
1 mm 653 401
1 mm 652 401
1 mm 651 401
1 mm 649 401
1 mm 648 401
1 mm 647 401
1 mm 646 402
1 mm 645 402
1 mm 642 402
1 mm 638 402
1 mm 634 402
1 mm 631 402
1 mm 630 402
0
0
0
0
0
0
0
0
0
1 mm 630 401
1 mm 630 398
1 mm 630 396
1 mm 630 395
0
0
0
0
0
0
0
0
0
0
0
1 mm 630 396
0
0
1 mm 630 397
1 mm 630 398
1 mm 630 402
1 mm 629 410
1 mm 628 422
1 mm 624 435
1 mm 621 447
1 mm 616 456
1 mm 614 463
1 mm 610 472
1 mm 605 485
1 mm 597 500
1 mm 589 516
1 mm 581 528
1 mm 577 536
1 mm 573 543
1 mm 569 548
1 mm 566 552
1 mm 563 555
1 mm 561 558
1 mm 560 559
1 mm 559 560
0
0
0
1 mm 558 560
0
0
0
0
0
0
0
0
0
1 mm 557 560
1 mm 557 558
1 mm 557 557
1 mm 557 556
0
1 mm 557 555
0
1 mm 557 554
1 mm 557 552
1 mm 557 547
2 kd 115 557 538 mm 557 538
1 mm 557 527
2 ku 100 557 517 mm 557 517
1 mm 557 507
1 mm 558 498
1 mm 558 484
1 mm 558 469
1 mm 558 454
1 mm 558 437
1 mm 557 423
1 mm 556 413
1 mm 555 406
1 mm 554 401
1 mm 553 396
1 mm 553 393
1 mm 552 391
1 mm 552 389
1 mm 551 388
1 mm 551 387
1 mm 549 387
0
0
1 mm 548 387
0
0
0
0
0
1 mm 547 387
0
1 mm 546 387
0
1 mm 545 387
0
0
1 mm 544 387
1 mm 543 387
1 mm 542 386
0
1 mm 542 384
0
1 mm 542 383
1 mm 542 382
1 mm 542 378
1 mm 543 372
1 mm 543 365
1 mm 543 361
1 mm 543 358
0
2 kd 97 543 356 mm 543 356
0
0
0
0
1 ku 97 543 356
0
1 mm 543 357
1 mm 543 360
1 mm 543 365
1 mm 541 370
1 mm 540 373
1 mm 540 374
1 mm 540 376
1 mm 539 378
1 mm 538 380
1 mm 537 382
1 mm 536 384
1 mm 536 385
0
1 mm 535 385
0
0
0
0
1 mm 534 385
0
1 mm 533 385
0
0
0
1 mm 533 386
0
1 mm 533 387
1 mm 532 392
1 mm 530 398
1 mm 528 405
1 mm 526 413
1 mm 524 418
1 mm 523 424
1 mm 523 429
1 mm 522 434
1 mm 522 438
1 mm 521 443
1 mm 521 447
1 mm 521 451
1 mm 520 453
1 mm 520 454
0
1 mm 520 456
1 mm 520 457
0
0
0
1 mm 520 458
0
0
0
0
0
1 mm 519 458
0
0
1 mm 519 457
1 mm 517 453
1 mm 516 443
1 mm 514 423
1 mm 510 397
1 mm 506 376
1 mm 505 359
1 mm 505 347
1 mm 506 340
1 mm 508 336
1 mm 508 334
0
0
0
0
1 mb 1 1 508 334
0
0
1 ku 115 508 334
0
0
0
1 md 508 333
0
0
1 md 509 333
1 md 509 332
0
1 md 509 331
1 md 510 331
1 md 510 330
0
0
2 kd 119 510 329 md 510 329
0
0
0
0
0
0
0
0
0
0
1 ku 119 510 329
1 md 511 329
0
0
0
0
0
0
0
0
0
0
0
0
0
1 kd 119 511 329
0
0
0
0
0
0
0
0
1 ku 119 511 329
0
1 mb 1 0 511 329
0
0
0
0
0
1 mb 1 1 511 329
0
0
0
0
0
0
0
0
1 md 511 328
2 mb 1 0 511 328 mm 511 327
0
0
1 mm 511 326
0
2 kd 119 511 325 mm 511 325
0
1 mm 511 324
0
0
0
0
0
0
0
1 ku 119 511 324
0
0
0
0
0
0
0
1 kd 97 511 324
1 mb 1 1 511 324
1 kd 119 511 324
0
0
0
0
0
1 ku 97 511 324
1 mb 1 0 511 324
0
0
0
0
0
0
0
0
0
0
0
0
1 mm 512 324
1 mm 515 324
1 mm 519 324
1 mm 523 325
1 mm 526 327
1 mm 529 329
1 mm 532 332
1 mm 536 335
1 mm 540 341
1 mm 544 346
1 mm 547 349
1 mm 548 351
0
0
0
0
1 mm 549 351
1 mm 549 352
2 kd 100 551 352 mm 551 352
1 mm 552 352
1 mm 553 353
1 mm 554 353
0
1 mm 555 353
1 ku 100 555 353
2 ku 119 556 354 mm 556 354
0
1 mm 557 354
1 mm 557 355
0
1 mm 558 355
1 mm 558 357
2 kd 115 560 361 mm 560 361
1 mm 561 363
1 mm 561 368
1 mm 562 372
1 mm 562 377
1 mm 563 380
1 mm 563 383
1 mm 563 384
1 mm 564 387
2 kd 100 564 391 mm 564 391
1 mm 564 395
1 mm 563 399
1 mm 563 403
1 mm 563 409
1 mm 563 415
2 ku 115 563 422 mm 563 422
1 mm 563 427
1 mm 563 430
1 mm 563 432
1 mm 563 434
1 mm 563 437
1 mm 563 439
2 kd 119 562 441 mm 562 441
1 mm 561 443
1 mm 561 444
1 mm 561 445
1 mm 561 447
1 mm 561 449
1 mm 561 451
1 mm 561 454
1 mm 561 457
1 mm 563 460
1 mm 564 462
1 mm 565 463
0
1 ku 119 565 463
0
1 mm 564 464
1 mm 562 464
1 mm 558 462
2 kd 119 554 459 mm 554 459
1 mm 553 457
2 ku 100 552 457 mm 552 457
1 mm 552 456
0
1 mm 553 455
2 kd 100 555 453 mm 555 453
1 mm 557 452
2 ku 119 559 450 mm 559 450
1 mm 562 448
1 mm 564 447
1 mm 566 445
1 mm 568 444
0
0
1 kd 115 568 444
0
1 mm 567 443
1 mm 565 443
1 mm 559 445
1 mm 553 449
1 mm 548 455
1 mm 543 462
1 mm 536 469
1 mm 530 476
1 mm 522 483
1 mm 512 490
2 ku 100 502 497 mm 502 497
1 mm 493 502
1 mm 488 504
1 mm 485 506
0
0
1 mm 484 506
1 kd 97 484 506
0
0
1 mm 485 506
1 mm 490 505
1 mm 499 504
1 mm 508 503
1 mm 519 501
1 mm 526 500
2 ku 97 532 499 mm 532 499
1 mm 534 499
0
0
0
0
0
0
0
0
0
0
0
0
0
0
0
0
0
1 mm 533 498
0
0
0
0
0
0
0
0
1 ku 115 533 498
1 mm 533 497
1 mm 533 495
0
1 mm 533 494
0
0
0
0
0
0
0
0
0
0
1 mm 533 493
1 mm 532 493
0
1 mm 532 492
1 mm 536 488
1 mm 554 478
1 mm 573 468
1 mm 587 460
1 mm 595 456
1 mm 596 456
0
1 mm 597 456
0
1 mm 599 456
1 mm 604 459
1 mm 610 463
1 mm 619 468
1 mm 628 472
1 mm 633 473
1 mm 635 473
1 mm 636 473
1 mm 638 473
1 mm 638 472
0
0
0
0
0
0
0
0
2 kd 100 638 470 mm 638 470
1 mm 639 456
1 mm 661 455
1 mm 701 466
1 mm 742 488
1 mm 779 514
1 mm 802 535
2 kd 115 809 542 mm 809 542
0
1 mm 808 543
1 mm 807 543
0
1 mm 805 544
1 mm 802 552
1 mm 789 571
1 mm 776 590
1 mm 763 605
1 mm 758 611
0
0
1 mm 758 612
1 mm 758 613
1 mm 758 615
1 mm 758 618
1 mm 759 619
1 mm 760 619
1 mm 761 619
1 mm 764 617
1 mm 773 603
1 mm 782 592
1 mm 785 590
0
0
0
0
0
0
1 mm 784 590
1 mm 783 590
0
1 mm 782 590
0
0
0
0
0
0
0
0
0
1 mm 781 590
1 mm 780 590
1 mm 779 590
0
0
1 mm 779 589
0
1 mm 778 589
0
1 mm 778 588
0
0
0
1 mm 777 588
0
1 ku 115 777 588
0
0
0
0
0
0
0
0
0
0
1 mm 777 587
1 mm 777 586
1 mm 777 584
1 mm 776 580
1 mm 775 578
1 mm 775 575
1 mm 775 574
1 mm 775 573
1 mm 775 572
1 mm 775 570
1 mm 775 568
1 mm 775 564
1 mm 775 560
1 mm 775 553
1 mm 775 545
1 mm 767 533
2 ku 100 751 515 mm 751 515
1 mm 726 495
2 kd 97 699 480 mm 699 480
1 mm 667 466
1 mm 633 453
1 mm 597 440
1 mm 562 430
1 mm 528 422
1 mm 501 416
1 mm 476 409
1 mm 456 401
1 mm 440 393
1 mm 426 385
1 mm 414 377
1 mm 405 371
1 mm 397 361
1 mm 393 353
1 mm 389 348
2 kd 119 385 344 mm 385 344
1 mm 379 342
1 mm 375 341
0
1 mm 373 341
1 mm 373 343
1 mm 370 349
1 mm 366 357
1 mm 362 367
1 mm 357 377
1 mm 351 388
1 mm 347 399
1 mm 343 407
1 mm 341 414
1 mm 340 416
0
0
0
0
1 mb 1 1 340 416
0
0
0
0
0
0
0
1 mb 1 0 340 416
2 ku 119 339 416 mm 339 416
0
0
0
0
0
0
0
0
0
1 mm 339 417
1 mm 337 417
1 mm 337 418
1 mm 335 418
1 mm 333 420
1 mm 328 425
1 mm 325 427
1 mm 321 430
1 mm 319 431
1 mm 316 433
0
1 mm 315 433
0
0
0
0
1 mm 315 434
1 mm 315 435
1 mm 315 436
1 mm 315 439
1 mm 315 446
1 mm 315 453
1 mm 316 457
2 kd 119 317 459 mm 317 459
1 mm 318 460
0
0
1 mm 319 460
1 mm 319 461
1 mm 321 464
1 mm 325 469
1 mm 327 475
1 mm 327 478
1 mm 327 480
0
1 ku 119 327 480
0
0
1 mm 326 480
1 mm 325 480
0
0
0
0
0
1 mm 323 480
0
0
0
2 kd 119 323 481 mm 323 481
1 mm 323 482
1 mm 323 490
1 mm 324 503
1 mm 325 516
2 ku 119 328 527 mm 328 527
1 mm 332 538
1 mm 340 547
1 mm 350 556
1 mm 362 566
1 mm 373 574
1 mm 380 578
2 kd 115 382 578 mm 382 578
0
1 mm 383 578
2 mb 1 1 383 578 md 386 577
2 ku 97 396 575 md 396 575
1 md 408 567
1 md 422 558
1 md 425 556
2 kd 100 426 555 md 426 555
1 md 427 552
2 ku 115 430 551 md 430 551
1 md 431 550
0
0
1 kd 119 431 550
2 mb 1 0 431 550 ku 100 431 550
0
0
0
1 mm 432 550
0
1 kd 97 432 550
0
1 mm 432 549
1 mm 432 545
1 mm 430 532
1 mm 421 509
1 mm 407 483
2 ku 119 396 463 mm 396 463
1 mm 387 452
1 mm 386 450
1 mm 385 449
0
0
1 mm 385 457
1 mm 387 472
1 mm 388 475
1 mm 385 475
1 mm 377 473
1 mm 358 469
1 mm 351 469
2 kd 115 350 473 mm 350 473
1 mm 350 481
1 mm 356 521
1 mm 358 542
1 mm 362 561
1 mm 369 580
1 mm 374 588
1 mm 375 589
1 mm 376 589
1 ku 97 376 589
1 mm 376 587
1 mm 374 587
1 mm 372 585
1 mm 367 579
1 mm 359 569
1 mm 349 555
1 mm 340 541
0
0
1 mm 339 538
0
1 mm 339 537
1 mm 340 537
1 mm 341 537
1 mm 342 536
1 mm 344 536
1 mm 348 539
1 mm 356 542
1 mm 363 544
1 mm 364 544
0
1 mm 364 542
1 mm 357 525
1 mm 356 517
1 mm 356 512
1 mm 356 511
0
1 mm 356 510
0
0
0
0
0
0
0
0
0
3 ku 115 356 510 mb 1 1 356 510 kd 97 356 510
0
0
0
1 mb 1 0 356 510
0
0
1 ku 97 356 510
0
1 kd 100 356 510
0
0
0
2 ku 100 356 510 kd 115 356 510
0
2 kd 97 357 510 mm 357 510
1 mm 360 511
1 mm 365 511
1 mm 377 511
1 mm 396 508
1 mm 414 500
1 mm 426 493
1 mm 427 491
1 mm 428 490
0
1 mm 429 490
0
0
0
0
0
0
0
0
0
0
0
0
0
0
0
0
2 ku 97 430 490 mm 430 490
0
1 mm 431 490
1 mm 431 491
1 mm 427 496
1 mm 407 518
1 mm 392 536
2 kd 97 374 550 mm 374 550
1 mm 360 556
1 mm 357 557
1 mm 355 558
1 mm 355 559
1 mm 354 559
0
2 mb 1 1 354 559 md 354 560
0
0
0
0
0
1 md 353 560
0
1 md 352 560
1 md 352 558
2 mb 1 0 352 558 mm 351 546
1 mm 351 540
1 mm 351 530
1 mm 351 521
1 mm 353 512
2 ku 115 360 498 mm 360 498
1 mm 363 489
1 mm 364 481
1 mm 364 472
2 ku 97 364 464 mm 364 464
1 mm 365 459
1 mm 366 452
1 mm 366 448
1 mm 365 434
1 mm 365 429
1 mb 1 1 365 429
1 md 364 427
0
0
0
0
0
1 kd 100 364 427
1 mb 1 0 364 427
0
1 mm 362 428
1 mm 361 429
0
1 ku 100 361 429
1 mm 361 430
0
1 mm 361 432
1 mm 361 434
1 mm 365 437
1 mm 368 438
1 mm 372 440
1 mm 381 445
1 mm 393 451
1 mm 402 458
1 mm 409 466
1 mm 415 476
1 mm 422 487
1 mm 428 498
1 mm 434 507
1 mm 440 516
1 mm 445 524
1 mm 448 531
1 mm 448 533
0
0
1 mm 446 533
1 mm 440 533
1 mm 435 533
1 mm 429 533
1 mm 422 533
1 mm 417 533
1 mm 410 532
1 mm 402 528
1 mm 394 523
1 mm 389 520
1 mm 388 519
0
0
1 sd 113 388 519
0
0
0
1 mm 389 518
0
1 mm 390 518
1 mm 391 518
1 mm 393 519
1 mm 403 523
1 mm 404 524
0
0
0
1 mm 404 525
0
0
1 su 113 404 525
0
0
0
0
0
0
0
0
0
0
0
0
0
0
1 mm 405 525
0
0
0
1 mm 406 525
0
0
0
0
1 mm 406 526
0
0
0
0
0
0
0
0
1 mm 407 526
1 mm 408 526
0
0
0
0
0
0
0
0
0
0
0
0
0
0
0
0
0
0
0
0
0
0
1 mm 408 527
1 mm 407 527
1 mm 406 527
0
1 mm 405 526
1 mm 404 525
1 mm 403 524
0
0
0
0
0
0
0
0
0
0
0
0
0
0
0
0
0
0
0
1 mm 402 524
1 mm 398 521
1 mm 387 515
2 kd 97 380 510 mm 380 510
1 mm 364 492
1 mm 347 474
1 mm 328 456
1 mm 312 444
1 mm 307 439
1 mm 306 438
1 mm 306 437
1 mm 305 437
1 mm 305 435
0
0
0
0
0
0
1 mm 304 435
1 mm 304 434
0
0
1 mm 303 433
1 mm 302 433
1 mm 302 432
0
0
1 kd 119 302 432
0
0
0
0
0
0
0
0
0
0
0
0
0
0
0
0
0
0
0
0
1 ku 119 302 432
1 mm 302 430
1 mm 303 425
1 mm 304 416
1 mm 305 403
1 mm 305 391
1 mm 305 380
1 mm 305 372
1 mm 305 362
1 mm 306 359
1 mm 306 356
1 mm 307 355
1 mm 307 354
1 kd 119 307 354
0
0
0
0
0
0
0
0
0
0
0
1 mm 308 354
0
0
0
1 mm 308 355
0
1 ku 119 308 355
0
1 ku 97 308 355
0
0
0
1 mm 309 355
0
0
0
0
0
0
0
0
0
0
0
0
0
0
0
0
0
0
0
0
0
0
0
0
0
0
0
0
0
0
0
0
0
0
0
0
0
0
1 mm 309 356
0
0
0
0
1 mm 309 357
0
0
0
0
0
0
0
0
0
0
0
0
0
0
0
0
0
0
0
0
0
0
0
0
0
0
0
0
0
0
0
0
0
0
0
0
0
0
0
0
0
0
0
0
0
0
0
0
0
1 mm 309 358
0
0
1 mm 308 358
2 kd 97 305 358 mm 305 358
1 mm 296 357
1 mm 288 353
2 kd 119 277 346 mm 277 346
1 mm 270 338
1 mm 266 331
1 mm 265 324
1 mm 265 317
2 ku 97 265 310 mm 265 310
1 mm 266 304
0
1 mm 267 302
1 mm 267 301
0
0
0
0
0
0
1 mm 268 301
1 mm 268 302
0
0
1 mm 268 303
1 mm 267 303
1 mm 264 305
1 mm 259 307
1 mm 253 310
1 mm 247 314
1 mm 239 318
1 mm 231 323
1 mm 222 327
1 mm 213 332
1 mm 204 337
1 mm 196 341
1 mm 191 345
2 kd 97 186 347 mm 186 347
1 mm 183 349
1 mm 180 351
1 mm 177 352
1 mm 174 352
1 mm 172 353
1 mm 171 353
0
1 mm 169 354
0
1 mm 168 354
0
0
0
0
0
0
0
0
0
0
0
0
0
0
0
0
0
0
1 mm 168 356
0
0
0
1 mm 168 357
1 mm 169 357
1 mm 169 359
1 mm 172 361
1 mm 177 364
1 mm 183 366
1 mm 192 370
1 mm 200 375
1 mm 208 380
1 mm 219 387
1 mm 232 396
1 mm 244 404
1 mm 260 414
1 mm 276 423
1 mm 291 430
1 mm 306 434
1 mm 322 437
1 mm 334 438
1 mm 345 439
1 mm 355 439
1 mm 365 439
1 mm 376 439
1 mm 389 437
1 mm 402 436
1 mm 412 436
1 mm 420 436
1 mm 424 436
0
0
0
0
0
1 mm 422 437
1 mm 416 438
1 mm 404 438
1 mm 387 438
1 mm 370 439
1 mm 356 443
1 mm 343 447
1 mm 333 451
1 mm 324 455
1 mm 318 458
1 mm 312 462
1 mm 310 464
1 mm 309 466
1 mm 307 469
1 mm 305 473
1 mm 305 474
1 mm 306 476
1 mm 310 480
2 ku 119 316 485 mm 316 485
1 mm 322 489
1 mm 328 493
1 mm 337 497
1 mm 344 500
1 mm 349 502
1 mm 352 503
1 mm 354 504
0
0
1 mm 355 506
1 mm 356 506
0
1 mm 356 507
0
0
1 mm 356 508
0
0
1 mm 356 509
0
0
1 mm 355 510
1 mm 354 511
0
1 mm 354 512
2 kd 119 353 512 mm 353 512
1 mm 353 513
1 mm 353 514
1 mm 351 516
1 mm 350 518
1 mm 350 520
1 mm 350 524
1 mm 350 530
2 ku 119 350 536 mm 350 536
1 mm 351 540
1 mm 352 543
0
1 mm 353 545
0
0
0
1 kd 115 353 545
0
0
0
0
0
1 mm 352 545
1 mm 346 545
1 mm 339 545
1 mm 325 543
1 mm 311 541
1 mm 293 538
1 mm 281 538
1 mm 278 538
1 ku 97 278 538
0
0
0
0
0
0
0
1 mm 278 537
2 ku 115 278 536 mm 278 536
1 mm 278 534
0
0
0
1 mb 1 1 278 534
0
0
0
0
0
0
0
0
1 md 278 533
0
0
0
0
0
0
0
0
0
0
0
0
1 mb 1 0 278 533
0
0
0
0
0
0
0
0
1 kd 119 278 533
0
0
1 mb 1 1 278 533
0
0
0
0
0
0
0
1 md 279 533
1 md 279 534
0
1 mb 1 0 279 534
0
1 ku 119 279 534
0
0
1 kd 100 279 534
1 mm 279 535
2 mb 1 1 279 535 ku 100 279 535
0
0
0
0
0
0
0
0
0
0
1 mb 1 0 279 535
0
0
1 kd 100 279 535
0
0
0
0
0
0
0
0
1 mb 1 1 279 535
0
0
0
0
0
2 kd 119 279 535 ku 100 279 535
0
1 kd 100 279 535
0
0
2 mb 1 0 279 535 mm 278 535
0
0
0
0
1 ku 119 278 535
0
2 mb 1 1 278 535 md 277 535
0
0
0
0
0
0
0
1 mb 1 0 277 535
0
1 kd 115 277 535
0
0
0
0
0
0
0
0
1 mm 276 534
1 mm 274 532
1 mm 274 530
1 mm 273 530
3 mb 1 1 273 530 ku 115 272 529 md 272 529
1 md 272 528
1 md 271 528
0
1 md 271 527
1 md 270 527
1 md 269 525
1 md 269 523
1 md 267 520
1 md 266 517
1 md 266 513
2 mb 1 0 266 513 mm 266 510
2 kd 115 266 509 mm 266 509
0
1 mm 266 508
1 mm 266 503
1 mm 268 498
1 mm 270 490
1 mm 272 483
1 mm 273 477
1 mm 273 474
1 mm 273 472
1 mm 273 470
1 mm 273 469
1 mm 275 467
1 mm 275 466
1 mm 275 464
1 mm 276 461
1 mm 276 459
0
1 mm 276 458
1 mm 276 457
1 mm 277 457
0
1 mm 277 456
1 mm 277 455
0
2 ku 115 277 454 mm 277 454
1 mm 277 453
1 mm 278 452
1 mm 284 446
1 mm 289 439
1 mm 292 432
1 mm 296 423
1 mm 298 415
2 mb 1 1 298 415 md 299 412
1 md 300 409
0
0
0
1 kd 115 300 409
0
0
0
0
0
1 mb 1 0 300 409
1 ku 100 300 409
0
0
1 ku 115 300 409
0
0
0
0
0
0
0
0
0
0
0
0
0
0
0
0
0
0
0
0
0
1 mb 1 1 300 409
0
0
0
0
0
0
0
0
0
0
0
0
0
0
0
1 kd 100 300 409
1 mb 1 0 300 409
0
0
0
0
2 kd 115 300 408 mm 300 408
0
0
0
0
0
0
1 mm 299 408
0
0
1 mb 1 1 299 408
0
0
0
0
0
1 md 299 407
0
1 md 299 406
2 ku 115 298 404 md 298 404
1 md 297 400
2 mb 1 0 297 400 mm 296 398
1 mm 296 396
0
1 mm 296 393
1 mm 296 392
1 mm 296 390
1 mm 296 389
1 mm 296 388
0
0
0
2 ku 100 296 388 mb 1 1 296 388
0
0
0
0
0
0
0
0
0
0
0
0
0
0
0
0
1 mb 1 0 296 388
1 kd 100 296 388
0
0
0
0
0
0
0
0
0
0
0
0
0
0
0
0
1 ku 100 296 388
1 kd 115 296 388
0
0
0
1 mb 1 1 296 388
0
0
0
0
0
0
0
0
0
0
1 mb 1 0 296 388
0
1 kd 97 296 388
0
0
0
0
0
0
0
0
0
0
0
0
0
0
0
0
0
0
0
0
0
0
0
0
0
0
0
0
0
0
0
0
0
0
0
0
0
0
0
0
0
0
1 mm 296 387
1 mm 298 385
2 ku 97 298 384 mm 298 384
0
1 mm 299 384
1 mm 299 382
0
1 mm 300 382
0
0
0
0
1 mm 301 383
1 mm 302 387
1 mm 303 395
1 mm 308 409
1 mm 315 429
1 mm 322 454
1 mm 330 483
1 mm 340 519
1 mm 347 559
1 mm 352 598
1 mm 357 633
1 mm 363 662
1 mm 368 687
1 mm 372 706
3 kd 97 374 719 mm 374 719 mm 640 360
1 mm 639 373
1 mm 634 382
1 mm 630 388
1 mm 622 390
1 mm 611 391
1 mm 596 388
1 mm 580 380
1 mm 564 369
1 mm 547 352
1 mm 533 332
1 mm 523 312
2 ku 115 513 289 mm 513 289
2 ku 97 503 265 mm 503 265
1 mm 494 243
1 mm 488 227
1 mm 487 219
1 mm 486 216
1 mm 486 215
0
0
0
0
0
0
0
1 mm 487 216
1 mm 489 217
1 mm 490 217
1 mm 492 217
1 mm 493 217
0
1 mm 495 218
1 mm 497 218
1 mm 500 219
1 mm 503 219
1 mm 505 220
1 mm 506 220
1 mm 507 221
1 mm 510 224
1 mm 515 230
2 kd 115 520 238 mm 520 238
1 mm 526 248
1 mm 534 259
1 mm 539 268
1 mm 545 276
1 mm 548 281
1 mm 551 285
1 mm 553 287
0
1 mm 554 288
0
0
0
0
0
0
0
0
0
0
0
1 mm 553 287
1 mm 550 280
2 kd 100 542 268 mm 542 268
1 mm 533 253
2 ku 115 523 236 mm 523 236
1 mm 512 218
1 mm 502 203
2 ku 100 493 187 mm 493 187
1 mm 485 175
1 mm 480 165
2 kd 119 477 156 mm 477 156
1 mm 477 146
1 mm 481 133
1 mm 491 118
1 mm 507 101
1 mm 523 85
1 mm 539 71
1 mm 550 60
1 mm 555 55
0
1 mm 556 51
0
0
0
0
0
0
1 mm 556 50
0
0
1 mm 558 50
0
1 mm 559 49
1 mm 561 49
1 mm 567 44
1 mm 574 39
1 mm 578 34
1 mm 580 29
1 mm 580 25
1 mm 580 23
1 mm 581 23
1 mm 582 23
1 mm 585 23
1 mm 596 28
0
0
0
0
0
0
0
0
0
0
0
0
0
0
0
0
0
1 mm 595 26
1 mm 591 21
1 mm 591 19
0
1 mm 591 18
1 mm 591 17
1 mm 591 16
0
0
0
0
0
0
0
0
1 kd 97 591 16
0
1 mm 590 16
1 mm 590 17
0
1 mm 589 17
0
0
1 mm 588 17
1 mm 587 18
1 mm 585 18
1 mm 583 18
1 mm 580 19
1 mm 576 19
0
1 mm 574 20
1 mm 573 20
0
0
1 mm 572 21
0
0
0
1 mm 571 22
0
0
1 mm 571 23
0
0
0
0
1 mm 570 23
0
0
0
0
0
2 ku 119 570 24 mm 570 24
0
0
0
0
0
0
0
0
0
0
0
0
0
0
0
0
0
0
1 kd 119 570 24
0
0
0
0
0
0
1 mm 571 24
1 mm 573 24
1 mm 577 22
1 mm 582 21
1 mm 587 19
1 mm 592 17
1 mm 598 16
1 mm 601 15
1 mm 603 15
0
1 mm 605 15
0
1 mm 606 15
1 mm 607 15
0
1 mm 608 15
0
1 mm 609 14
1 mm 611 13
1 mm 615 10
1 mm 617 7
1 mm 619 5
1 mm 621 3
1 mm 621 2
0
0
0
1 mm 621 4
1 mm 621 10
1 mm 621 19
1 mm 620 30
1 mm 619 40
1 mm 617 51
1 mm 615 59
1 mm 613 66
1 mm 612 71
1 mm 612 75
1 mm 612 78
1 mm 612 79
1 mm 612 80
1 mm 613 81
1 mm 617 83
1 mm 622 86
1 mm 633 89
1 mm 646 92
1 mm 662 95
1 mm 676 98
1 mm 687 103
1 mm 694 106
1 mm 699 109
1 mm 701 111
1 mm 701 112
0
0
1 mm 700 113
1 mm 696 115
0
1 mm 693 116
1 mm 691 118
1 mm 685 122
1 mm 678 126
1 mm 667 132
1 mm 657 138
1 mm 646 144
1 mm 638 152
1 mm 635 158
1 mm 633 165
1 mm 631 174
2 ku 119 627 184 mm 627 184
1 mm 623 193
1 mm 619 201
1 mm 617 207
1 mm 615 213
1 mm 610 222
1 mm 605 233
1 mm 601 244
1 mm 598 253
1 mm 597 259
1 mm 596 263
1 mm 596 266
2 kd 115 596 268 mm 596 268
1 mm 597 269
1 mm 598 270
1 mm 599 270
1 mm 600 270
1 mm 602 270
1 mm 604 270
1 mm 607 267
1 mm 611 263
1 mm 615 258
1 mm 621 249
1 mm 623 245
0
0
1 mm 626 245
1 mm 629 248
1 mm 633 252
1 mm 637 255
1 mm 641 259
1 mm 646 262
1 mm 652 264
1 mm 658 266
1 mm 663 266
1 mm 665 266
1 mm 667 266
1 mm 669 266
0
1 mm 670 266
1 mm 673 265
1 mm 677 264
1 mm 684 262
1 mm 690 259
1 mm 696 256
1 mm 700 255
0
1 mm 701 255
1 mm 702 255
0
0
0
0
0
0
0
0
0
0
0
0
0
0
0
0
0
0
0
0
1 kd 100 702 255
1 ku 97 702 255
0
0
0
0
0
0
0
0
0
0
0
0
0
0
0
0
0
1 mm 702 254
0
0
0
0
0
1 mm 702 253
0
1 mm 702 252
1 mm 702 250
1 mm 702 249
1 mm 702 245
1 mm 703 242
1 mm 703 239
1 mm 704 234
1 mm 704 228
1 mm 705 222
1 mm 705 215
1 mm 705 206
1 mm 705 194
1 mm 706 180
1 mm 707 156
1 mm 707 144
1 mm 707 134
1 mm 707 128
1 mm 707 125
1 mm 707 123
1 mm 707 122
1 mm 707 121
0
1 mm 707 120
1 mm 707 119
0
0
0
0
0
0
0
1 mm 707 120
1 mm 707 122
1 mm 707 123
0
1 mm 707 125
1 mm 706 128
1 mm 702 130
1 mm 699 133
1 mm 694 134
1 mm 690 135
1 mm 685 134
1 mm 679 131
1 mm 668 122
2 ku 100 656 113 mm 656 113
1 mm 648 107
1 mm 644 105
1 ku 115 644 105
0
0
0
0
0
0
0
0
0
0
0
1 kd 115 644 105
0
1 mm 643 105
1 mm 642 105
0
1 mm 641 105
0
1 mm 640 105
0
1 mm 639 105
0
1 mm 638 105
0
1 ku 115 638 105
0
0
0
0
0
0
0
0
0
0
0
0
0
0
1 mm 639 105
1 mm 639 106
1 kd 100 639 106
1 mm 639 107
0
1 mm 640 108
1 mm 642 108
1 mm 642 109
1 mm 643 109
1 kd 115 643 109
0
0
1 ku 100 643 109
0
0
1 kd 100 643 109
0
0
0
0
0
0
0
1 mm 644 109
1 mm 644 110
0
1 mm 644 111
2 ku 100 644 112 mm 644 112
0
0
0
0
0
0
1 mm 644 111
1 mm 644 109
1 mm 644 107
1 mm 644 105
1 mm 644 102
1 mm 644 99
1 mm 644 98
0
0
0
0
1 ku 115 644 98
0
0
0
0
0
0
0
0
0
0
0
0
0
0
0
0
0
0
0
0
0
1 mm 644 97
1 mm 644 96
1 mm 644 94
1 mm 644 92
1 mm 645 92
0
0
0
1 mm 646 92
0
1 mm 647 92
1 mm 647 94
1 mm 651 100
1 mm 656 111
1 mm 659 124
1 mm 662 136
1 mm 665 143
1 mm 666 144
1 mm 666 146
0
0
0
0
0
0
0
0
0
0
0
0
0
0
0
0
1 mm 667 147
1 mm 670 149
1 mm 670 150
1 mm 671 150
1 mm 671 152
0
0
0
0
1 sd 113 671 152
0
0
0
0
0
0
0
0
0
0
0
0
0
0
0
0
0
0
1 su 113 671 152
0
0
0
0
0
0
0
0
0
0
0
0
0
0
0
0
0
0
0
0
0
1 mm 671 153
1 mm 672 156
1 mm 672 158
0
0
1 sd 113 672 158
0
0
0
0
0
0
0
0
0
0
0
0
0
0
0
0
1 su 113 672 158
0
0
0
0
0
0
0
0
0
0
0
0
0
0
0
0
0
0
1 mm 675 157
1 mm 683 145
1 mm 685 140
1 mm 686 139
1 mm 688 138
1 mm 688 137
1 mm 688 136
0
0
0
0
1 mm 688 135
0
0
0
0
1 mm 689 135
1 mm 689 134
0
0
0
0
0
0
0
0
0
0
0
0
0
0
0
0
0
0
0
0
0
0
0
0
0
0
0
0
0
0
0
0
0
0
0
0
0
0
0
0
0
0
0
0
0
0
0
0
0
0
0
0
0
0
0
0
0
0
0
0
0
0
0
0
0
0
0
0
0
0
0
0
0
0
0
0
0
0
0
0
0
0
0
0
0
0
0
0
0
0
0
0
0
0
0
0
0
0
0
0
0
0
0
0
0
0
0
0
0
0
0
0
0
0
0
0
0
0
0
0
0
0
0
0
0
0
0
0
0
0
0
0
0
0
0
0
0
0
0
0
0
0
0
0
1 mm 688 133
1 mm 681 129
2 kd 97 667 122 mm 667 122
1 mm 645 114
1 mm 620 105
1 mm 580 101
2 kd 119 565 103 mm 565 103
1 mm 550 106
1 mm 535 110
1 mm 522 118
1 mm 510 125
1 mm 500 134
1 mm 489 141
1 mm 477 148
1 mm 464 153
1 mm 454 155
1 mm 445 157
2 ku 119 437 157 mm 437 157
1 mm 426 152
1 mm 419 147
1 mm 413 141
1 mm 406 136
1 mm 399 132
1 mm 392 131
1 mm 388 130
1 mm 386 130
1 mm 383 129
1 mm 380 128
1 mm 378 127
1 mm 377 125
1 mm 375 122
1 mm 373 118
1 mm 371 112
1 mm 370 105
1 mm 369 100
1 mm 369 94
1 mm 369 92
1 mm 369 90
1 mm 369 88
1 mm 369 86
1 mm 369 85
1 mm 369 83
1 mm 370 81
1 mm 371 79
1 mm 372 78
1 mm 373 77
1 mm 374 75
0
1 mm 374 73
0
1 mm 375 72
1 mm 376 71
0
1 mm 377 70
1 mm 377 69
1 mm 378 69
0
1 mm 378 68
0
0
0
0
0
0
1 mm 379 67
0
0
1 mm 379 66
1 mm 380 66
0
0
1 mm 381 66
1 mm 381 65
1 mm 383 65
1 mm 384 64
1 mm 385 63
1 mm 385 61
1 mm 389 58
1 mm 394 54
1 mm 397 53
1 mm 398 53
1 mm 401 55
1 mm 410 63
1 mm 428 78
1 mm 453 97
0
0
1 kd 119 453 97
0
0
0
0
0
0
0
0
0
1 mm 452 94
1 mm 452 88
1 mm 450 81
1 mm 449 74
2 ku 97 446 66 mm 446 66
1 mm 443 55
1 mm 443 42
1 mm 443 23
1 mm 443 3
2 mm 443 0 mm 640 360
1 mm 640 344
1 mm 642 327
1 mm 645 310
1 mm 648 291
1 mm 650 276
1 mm 650 263
1 mm 650 257
1 mm 650 254
1 mm 648 253
1 mm 645 252
1 mm 640 251
1 mm 632 251
1 mm 621 252
1 mm 608 255
1 mm 593 259
1 mm 579 265
1 mm 566 269
1 mm 556 273
1 mm 549 276
2 kd 97 544 278 mm 544 278
1 mm 541 280
1 mm 540 280
0
0
0
0
0
0
0
0
1 mm 540 279
0
1 mm 540 278
1 mm 540 277
0
0
1 mm 540 276
0
0
0
1 mm 540 275
0
0
0
0
0
0
1 mm 540 274
0
0
1 mm 541 273
1 mm 542 273
0
1 mm 542 272
0
1 mm 544 272
1 mm 545 271
1 mm 548 270
2 ku 119 551 268 mm 551 268
1 mm 556 266
1 mm 561 263
1 mm 566 260
1 mm 573 257
1 mm 580 253
1 mm 587 250
1 mm 594 246
1 mm 599 243
1 mm 603 241
1 mm 606 238
1 mm 608 237
1 mm 609 236
1 mm 610 235
1 mm 611 234
0
0
0
0
1 kd 119 611 234
0
0
1 mm 610 233
1 mm 608 232
1 mm 601 230
1 mm 592 227
1 mm 581 224
1 mm 572 220
1 mm 564 216
1 mm 558 212
1 mm 554 207
1 mm 549 200
1 mm 543 191
1 mm 536 183
1 mm 531 178
1 mm 528 174
1 mm 527 173
0
1 mm 527 171
0
1 mm 527 170
0
1 mm 527 169
1 mm 528 169
1 mm 534 169
1 mm 547 175
0
0
0
0
0
0
0
0
0
0
0
0
0
0
0
0
0
0
1 mm 553 174
1 mm 553 168
1 mm 557 164
1 mm 564 157
1 mm 570 149
1 mm 576 134
1 mm 583 116
1 mm 591 96
1 mm 599 79
1 mm 609 61
1 mm 619 45
1 mm 628 32
1 mm 634 19
1 mm 639 8
2 mm 643 0 mm 640 360
1 mm 643 348
1 mm 646 337
1 mm 649 328
1 mm 651 320
1 mm 653 314
1 mm 655 310
1 mm 656 308
0
1 mm 656 306
1 mm 658 305
1 mm 663 305
1 mm 666 305
1 mm 670 311
1 mm 677 325
1 mm 684 338
0
0
0
0
0
0
0
0
0
0
0
0
0
0
1 mm 676 322
1 mm 676 314
1 mm 690 309
2 ku 97 716 300 mm 716 300
1 mm 747 286
1 mm 774 264
1 mm 797 237
1 mm 813 210
1 mm 824 191
1 mm 828 183
1 mm 828 182
1 mm 828 181
1 mm 828 180
0
0
0
0
1 mm 827 180
1 mm 826 181
1 mm 826 183
1 mm 825 188
1 mm 825 194
1 mm 825 197
0
0
0
0
0
0
0
1 mm 825 196
1 mm 826 194
1 mm 826 192
1 mm 826 190
1 mm 826 188
1 mm 825 186
0
0
0
0
0
0
0
0
0
0
0
0
0
0
0
0
0
1 kd 97 825 186
0
0
0
0
0
0
0
1 mm 824 185
0
1 mm 824 184
0
1 mm 825 184
0
0
1 mm 826 183
0
1 mm 827 182
1 mm 829 182
2 ku 97 830 182 mm 830 182
1 mm 831 182
1 mm 833 182
1 mm 837 180
1 mm 842 179
1 mm 848 176
1 mm 855 174
1 mm 862 172
1 mm 869 169
1 mm 876 168
1 mm 883 167
1 mm 889 167
1 mm 895 167
1 mm 903 170
1 mm 910 174
1 mm 916 178
1 mm 923 183
1 mm 930 189
1 mm 939 195
1 mm 947 200
1 mm 954 205
1 mm 964 211
1 mm 973 217
1 mm 981 223
1 mm 990 229
1 mm 999 234
1 mm 1010 238
1 mm 1020 242
1 mm 1029 244
1 mm 1034 246
1 mm 1036 247
0
0
0
0
0
1 mm 1036 248
0
0
0
1 mm 1035 248
1 kd 100 1035 248
0
0
1 mm 1035 247
1 mm 1035 246
0
1 mm 1035 244
1 mm 1036 244
1 mm 1037 244
1 mm 1039 242
1 mm 1040 242
2 ku 119 1042 242 mm 1042 242
1 mm 1044 240
1 mm 1044 239
1 mm 1044 238
1 mm 1044 237
1 mm 1044 233
1 mm 1041 228
1 mm 1037 224
1 mm 1034 222
1 mm 1030 219
1 mm 1027 216
1 mm 1024 214
1 mm 1022 212
1 mm 1020 210
1 mm 1019 210
1 mm 1018 210
0
0
0
1 mm 1017 210
0
1 mm 1017 211
1 mm 1016 213
1 mm 1014 217
1 mm 1012 219
1 mm 1011 220
1 mm 1010 220
1 mm 1009 220
0
1 mm 1008 220
1 mm 1006 220
1 mm 1005 220
1 mm 1003 220
0
1 mm 1001 220
0
0
1 mm 1000 219
0
1 mm 999 219
1 mm 998 219
1 mm 996 219
1 mm 994 220
1 mm 991 220
1 mm 989 221
1 mm 986 222
1 mm 983 223
1 mm 981 223
1 mm 979 224
1 mm 978 224
1 mm 978 225
0
0
2 ku 100 976 225 mm 976 225
1 mm 975 225
1 mm 972 226
1 mm 967 228
1 mm 964 229
1 mm 959 231
1 mm 955 233
1 mm 952 236
1 mm 948 238
1 mm 946 240
1 mm 943 242
1 mm 941 243
1 mm 939 243
1 mm 937 244
1 mm 934 244
1 mm 928 244
1 mm 923 243
1 mm 920 242
1 mm 918 242
1 mm 917 242
1 kd 100 917 242
0
0
0
0
0
0
1 mm 917 243
1 mm 917 244
1 mm 917 246
1 mm 917 247
1 mm 916 248
1 ku 100 916 248
1 mm 915 248
1 mm 913 248
1 mm 911 248
1 mm 905 245
1 mm 896 238
1 mm 890 233
1 mm 885 228
1 mm 883 226
1 mm 883 225
1 kd 100 883 225
0
0
0
0
0
1 mm 883 226
1 mm 883 227
1 mm 883 229
1 mm 883 230
1 mm 883 231
1 ku 100 883 231
1 mm 883 232
0
0
0
1 mm 882 232
0
0
0
0
0
0
0
0
0
0
2 kd 100 882 233 mm 882 233
0
0
0
0
0
0
1 ku 100 882 233
0
1 mm 881 233
0
1 mm 881 234
1 kd 97 881 234
0
2 mb 1 1 881 234 kd 115 881 234
0
0
0
0
0
0
1 mb 1 0 881 234
0
0
0
0
0
1 ku 115 881 234
0
0
0
1 mm 881 235
0
0
1 mm 881 236
0
0
1 mm 881 237
1 mm 882 237
0
1 mm 883 238
1 mm 883 239
0
0
0
0
0
0
0
1 mm 884 239
1 mm 884 240
0
0
1 mm 885 240
0
1 mm 886 241
2 ku 97 886 242 mm 886 242
0
1 mm 887 242
0
0
0
0
0
0
0
0
0
0
0
0
0
0
0
0
0
0
0
0
0
0
1 kd 100 887 242
0
1 mm 885 241
1 mm 883 240
1 mm 882 239
1 mm 882 238
1 mm 880 238
0
0
0
0
0
0
0
0
1 mm 879 238
0
1 mm 879 239
1 mm 878 239
0
0
1 mm 877 239
1 ku 100 877 239
1 mm 876 238
1 mm 874 236
1 mm 871 232
0
0
0
0
0
1 sd 113 871 232
0
0
1 mm 866 229
0
1 mm 865 230
1 mm 864 230
1 mm 863 231
0
0
0
0
1 mm 863 230
1 mm 863 229
0
1 mm 864 229
1 mm 865 229
0
1 mm 866 230
0
1 mm 867 230
0
0
0
0
0
0
0
0
0
0
1 mm 867 231
0
0
0
0
0
0
0
0
0
1 mm 867 232
1 mm 865 232
1 mm 863 233
1 mm 861 233
1 mm 860 233
1 mm 859 233
0
0
0
1 mm 859 232
0
1 mm 859 231
1 mm 859 230
0
0
0
0
0
0
0
0
0
0
0
0
1 su 113 859 230
0
0
0
0
0
0
0
0
0
0
0
0
0
0
0
0
0
0
0
0
0
0
0
0
0
0
0
0
0
0
0
0
0
0
1 mm 862 230
1 mm 885 228
1 mm 921 214
1 mm 972 198
1 mm 1025 194
1 mm 1054 194
1 mm 1067 193
1 mm 1073 196
0
0
0
0
0
0
0
0
0
0
1 mm 1078 199
1 mm 1085 199
1 mm 1089 199
1 mm 1090 196
0
0
0
0
1 mm 1089 196
1 mm 1089 195
1 mm 1087 195
1 mm 1086 195
1 mm 1085 194
0
0
0
0
0
0
0
0
0
0
0
0
0
0
0
0
0
0
1 mm 1084 194
0
0
1 mm 1083 194
0
1 mm 1082 194
0
1 mm 1081 194
1 mm 1080 194
0
1 mm 1078 194
1 mm 1077 194
1 mm 1076 194
0
1 mm 1075 194
0
0
0
0
0
0
0
0
1 mm 1074 194
1 kd 100 1074 194
1 mm 1074 193
1 mm 1072 193
1 mm 1071 192
1 mm 1068 189
1 mm 1065 186
1 mm 1061 182
1 mm 1059 180
0
1 mm 1057 179
1 mm 1057 180
1 mm 1057 184
1 mm 1057 190
1 mm 1057 197
1 mm 1057 209
1 mm 1056 225
1 mm 1053 240
1 mm 1051 250
1 mm 1048 254
1 mm 1047 256
1 mm 1045 258
2 kd 115 1041 259 mm 1041 259
1 mm 1032 261
1 mm 1022 267
1 mm 1014 275
1 mm 1006 285
1 mm 995 307
1 mm 990 315
1 mm 986 321
1 mm 983 326
1 mm 983 327
1 mm 982 327
0
1 mm 980 326
1 mm 976 324
1 mm 973 322
1 mm 968 318
1 mm 964 315
1 mm 960 313
1 mm 959 313
1 mm 959 315
1 mm 959 319
1 mm 959 326
1 mm 961 334
1 mm 967 345
1 mm 973 356
1 mm 979 366
1 mm 982 372
0
1 ku 100 982 372
0
1 mm 982 371
1 mm 980 367
1 mm 977 361
1 mm 974 352
1 mm 973 343
1 mm 973 336
1 mm 974 330
1 mm 975 323
1 mm 975 317
1 mm 973 307
1 mm 969 297
1 mm 965 287
1 mm 960 277
1 mm 955 268
2 kd 100 950 259 mm 950 259
1 mm 948 251
1 mm 947 246
1 mm 947 243
1 mm 947 240
2 ku 115 947 238 mm 947 238
1 mm 947 236
1 mm 947 235
0
0
0
1 mm 948 234
0
1 mm 948 232
1 mm 948 229
1 mm 948 226
1 mm 948 225
0
1 mm 948 224
0
0
0
0
0
0
0
1 ku 100 948 224
0
0
0
0
0
0
0
2 kd 119 948 223 mm 948 223
1 mm 948 222
1 mm 948 220
1 mm 948 215
2 kd 100 948 203 mm 948 203
1 mm 952 185
1 mm 958 162
1 mm 967 142
1 mm 979 120
1 mm 993 99
1 mm 1007 79
1 mm 1018 65
1 mm 1024 58
2 ku 100 1026 56 mm 1026 56
0
0
0
1 mm 1025 56
1 mm 1021 55
1 mm 1015 52
1 mm 1009 47
1 mm 1000 41
1 mm 990 36
1 mm 981 34
1 mm 973 32
1 mm 969 32
0
0
0
0
0
0
0
0
0
1 mm 969 33
1 mm 967 34
1 mm 964 35
1 mm 961 37
1 mm 954 39
1 mm 946 43
1 mm 937 46
1 mm 928 48
1 mm 920 49
1 mm 915 49
1 mm 913 49
0
0
0
0
0
1 mm 913 48
0
0
0
0
0
0
0
1 ku 119 913 48
0
1 kd 97 913 48
0
1 mb 1 1 913 48
0
0
1 md 913 49
1 md 912 49
2 kd 115 912 51 md 912 51
1 md 911 53
1 md 909 57
1 md 907 61
1 md 905 67
1 md 902 74
1 md 900 81
1 md 898 87
1 md 896 92
1 md 895 94
1 md 895 95
1 md 895 96
2 mb 1 0 895 96 mm 893 96
0
1 mm 891 98
1 mm 891 99
0
1 mm 891 100
1 mm 890 101
2 ku 97 890 104 mm 890 104
2 kd 100 889 106 mm 889 106
1 mm 889 107
0
0
1 mm 888 107
1 mm 888 105
2 ku 115 886 99 mm 886 99
1 mm 881 90
1 mm 876 80
1 mm 873 73
1 mm 870 68
1 mm 868 62
1 mm 866 57
1 mm 865 53
1 mm 864 50
0
0
0
1 kd 119 864 50
0
1 mm 864 48
0
1 mm 866 46
1 mm 870 43
1 mm 877 37
1 mm 883 32
1 mm 888 26
1 mm 892 19
1 mm 894 15
1 mm 894 12
1 mm 894 11
0
0
1 mm 895 12
1 mm 903 20
1 mm 913 30
0
0
0
0
0
0
0
0
0
0
0
0
0
0
1 mm 912 28
1 mm 904 8
2 mm 901 0 mm 640 360
1 mm 640 343
1 mm 637 321
1 mm 637 303
1 mm 637 285
1 mm 640 270
1 mm 643 258
1 mm 644 252
1 mm 644 251
0
0
0
0
2 ku 100 645 251 mm 645 251
1 mm 645 253
1 mm 645 254
1 mm 645 255
1 mm 645 256
1 mm 646 256
0
0
0
0
0
0
0
1 mm 646 255
0
1 mm 647 255
0
1 mm 648 254
1 mm 648 253
1 mm 648 251
1 mm 649 249
1 mm 653 247
1 mm 654 244
1 mm 655 243
1 mm 655 242
1 mm 657 242
1 mm 657 241
0
0
0
0
0
1 kd 97 657 241
0
0
1 mm 658 241
0
0
1 mm 658 242
1 mm 659 243
2 ku 119 659 244 mm 659 244
0
1 mm 659 245
1 mm 659 246
0
1 mm 659 247
1 mm 660 248
0
1 mm 660 249
0
1 mm 660 250
1 mm 661 250
2 kd 100 661 252 mm 661 252
1 mm 661 253
1 mm 661 254
2 ku 97 661 255 mm 661 255
1 mm 661 257
1 mm 661 259
2 kd 119 661 262 mm 661 262
1 mm 660 265
1 mm 660 267
1 mm 660 268
0
0
1 mm 661 268
0
0
0
0
0
0
0
0
0
1 mm 661 267
0
0
0
1 mm 661 266
0
1 mm 662 266
0
0
0
0
0
0
0
0
0
0
0
0
0
0
0
1 ku 100 662 266
0
0
0
0
0
0
0
0
0
0
0
1 mm 663 266
1 ku 119 663 266
2 kd 97 664 266 mm 664 266
1 mm 665 266
1 mm 667 266
1 mm 671 266
1 mm 675 266
2 kd 115 679 267 mm 679 267
1 mm 684 267
1 mm 688 267
1 mm 689 267
1 mm 690 267
0
1 mm 691 267
2 kd 100 691 267 ku 97 691 267
0
1 ku 115 691 267
0
0
0
0
2 ku 100 691 267 kd 97 691 267
0
0
0
1 mb 1 1 691 267
1 ku 97 691 267
0
0
0
0
0
0
0
0
0
0
0
0
0
0
0
0
0
1 mb 1 0 691 267
2 kd 115 691 268 mm 691 268
0
0
0
0
0
0
1 mm 691 269
1 ku 115 691 269
0
0
0
1 mb 1 1 691 269
0
0
0
0
0
0
0
0
0
0
0
0
0
0
2 mb 1 0 691 269 kd 100 691 269
0
0
0
1 kd 119 691 269
0
1 mm 690 269
0
0
0
0
1 ku 100 690 269
0
0
1 ku 119 690 269
0
0
0
0
0
0
0
0
0
0
0
0
0
0
0
0
0
0
1 mm 689 269
0
0
0
0
0
0
0
0
0
0
0
0
0
0
0
0
0
0
0
0
1 mm 690 269
1 mm 691 269
2 kd 119 692 269 mm 692 269
1 mm 694 269
1 mm 698 269
1 mm 700 269
1 mm 702 269
0
1 ku 119 702 269
1 mm 703 269
1 mm 703 270
0
1 mm 703 271
0
0
0
0
1 mm 702 271
1 mm 701 271
1 mm 700 271
1 mm 698 271
1 mm 697 271
1 mm 697 272
1 mm 696 272
0
0
1 mm 696 273
0
2 kd 100 695 274 mm 695 274
2 kd 119 695 275 mm 695 275
1 mm 694 275
1 mm 694 277
1 mm 693 277
1 ku 100 693 277
1 mm 692 278
1 mm 691 278
1 mm 690 278
0
1 mm 689 278
1 ku 119 689 278
0
0
1 mm 688 278
0
0
0
0
0
0
1 mb 1 1 688 278
0
0
0
0
0
1 md 689 279
1 md 690 280
0
1 md 691 280
0
1 md 691 282
2 kd 119 691 283 md 691 283
1 md 691 284
0
1 md 691 285
1 ku 119 691 285
1 md 691 286
1 mb 1 0 691 286
0
0
0
0
0
0
0
0
1 mm 691 287
0
0
0
0
0
0
1 mm 691 288
1 mm 693 290
1 mm 699 295
1 mm 700 296
1 mm 702 297
1 mm 703 299
1 mm 704 299
3 kd 119 704 302 mb 1 1 704 299 md 704 302
1 md 705 304
1 md 705 305
2 ku 119 705 306 md 705 306
1 md 705 307
2 mb 1 0 705 307 mm 706 308
1 mm 706 309
3 kd 115 706 311 kd 97 706 311 mm 706 311
1 mm 706 312
1 mm 706 313
0
1 mm 707 314
1 mm 707 315
2 ku 97 708 315 mm 708 315
1 ku 115 708 315
0
1 mm 709 316
0
0
0
0
1 mm 709 318
0
0
1 mm 710 319
0
0
0
0
0
0
1 mm 709 319
0
2 kd 119 708 319 mm 708 319
0
0
0
1 kd 100 708 319
0
0
1 mm 708 320
3 mb 1 1 708 320 ku 100 708 322 md 708 322
1 md 708 323
2 ku 119 710 324 md 710 324
1 md 710 326
1 md 712 327
1 md 712 328
0
0
1 mb 1 0 712 328
0
1 mm 712 329
0
0
0
1 mm 712 330
0
0
0
0
0
0
0
1 kd 115 712 330
0
0
0
0
0
0
0
0
0
1 mm 711 330
1 ku 115 711 330
1 mm 710 330
0
0
1 mm 709 330
1 mm 709 331
2 kd 119 709 334 mm 709 334
2 mb 1 1 709 334 md 709 340
1 md 709 342
1 md 709 344
0
0
1 ku 119 709 344
0
1 mb 1 0 709 344
0
1 mm 710 345
0
0
0
0
1 mm 709 345
1 mm 708 345
3 kd 100 705 345 kd 119 705 345 mm 705 345
0
1 mm 704 345
0
1 ku 100 704 345
0
0
0
1 ku 119 704 345
0
1 mm 703 346
0
0
0
0
0
0
0
0
0
0
0
0
1 mm 703 347
1 mm 704 347
1 mm 704 349
1 mm 705 350
1 mm 705 351
1 mm 706 351
1 mm 706 352
0
2 kd 115 706 352 mb 1 1 706 352
0
0
0
0
0
0
0
0
1 ku 115 706 352
2 mb 1 0 706 352 mm 705 352
1 mm 703 352
1 mm 699 352
1 mm 691 352
1 mm 674 353
1 mm 667 354
1 mm 661 354
1 mm 655 354
1 mm 652 354
0
0
0
0
0
0
0
0
0
0
0
0
0
0
1 kd 97 652 354
0
1 mm 653 354
2 kd 115 654 354 mm 654 354
0
1 mm 655 354
1 mm 656 354
1 mm 658 353
1 mm 659 353
1 mm 661 352
1 mm 663 350
1 mm 666 348
1 mm 669 346
1 mm 670 344
2 ku 97 671 343 mm 671 343
0
1 mm 671 342
0
1 mm 672 342
0
0
0
1 ku 115 672 342
0
1 mm 672 341
1 mm 671 341
0
1 mm 670 341
0
0
1 mm 669 341
0
0
0
0
0
0
1 mm 668 341
0
0
0
0
1 mm 667 341
0
0
0
0
1 mm 666 341
0
0
1 mm 665 341
0
0
1 mm 664 341
0
0
0
1 mm 663 341
0
0
0
1 mm 662 341
0
0
1 mm 661 341
1 mm 661 343
2 kd 115 660 343 mm 660 343
1 mm 660 344
1 mm 659 344
0
1 mm 658 345
0
0
1 mm 657 345
1 mm 656 345
0
1 mm 655 345
1 mm 654 345
1 mm 652 345
1 ku 115 652 345
1 mm 652 344
1 mm 651 343
0
1 mm 651 342
1 mm 650 342
0
1 mm 650 341
0
0
0
0
1 mm 649 341
0
1 mm 649 340
0
0
0
1 mm 648 339
1 mm 648 338
0
1 mm 647 338
0
1 mm 646 337
0
0
1 mm 646 335
1 mm 645 335
0
0
0
0
0
0
0
1 mm 644 335
0
1 mm 642 335
2 kd 115 641 335 mm 641 335
1 mm 639 337
1 mm 636 340
2 mb 1 1 636 340 md 633 344
1 md 632 346
0
0
0
0
0
0
0
0
0
0
0
0
0
0
0
0
0
2 mb 1 0 632 346 mm 631 346
1 kd 97 631 346
1 mm 630 346
0
0
0
0
2 ku 115 629 346 mm 629 346
0
0
1 mm 628 346
1 mm 627 346
0
0
1 ku 97 627 346
0
0
0
0
0
0
1 mm 626 346
0
1 mm 625 346
1 mm 623 346
1 mm 621 346
1 mm 617 344
1 mm 613 341
1 mm 610 337
1 mm 608 333
1 mm 607 329
1 mm 606 327
0
1 mm 606 325
0
0
0
1 mm 606 324
0
0
1 mm 605 323
0
0
1 mm 605 322
0
0
0
0
0
1 mb 1 1 605 322
0
0
0
0
1 kd 115 605 322
0
0
0
0
0
0
0
0
0
0
0
0
0
0
0
0
1 kd 97 605 322
0
0
0
1 ku 97 605 322
1 ku 115 605 322
1 kd 97 605 322
0
0
0
0
0
1 ku 97 605 322
0
0
0
0
0
0
0
0
0
0
0
0
0
0
0
0
0
0
0
0
0
0
1 kd 115 605 322
0
0
0
0
0
1 kd 97 605 322
0
0
0
0
0
0
0
0
0
0
0
0
0
0
0
0
0
0
1 ku 115 605 322
0
0
0
0
0
0
0
0
0
0
0
0
0
0
0
0
0
0
0
0
0
0
1 kd 119 605 322
0
0
0
0
0
0
0
1 ku 119 605 322
0
0
0
0
0
0
0
0
0
0
0
0
0
0
0
0
0
0
0
0
0
0
0
0
0
0
0
0
0
1 ku 97 605 322
0
0
0
0
0
0
0
0
0
0
0
1 kd 115 605 322
0
1 mb 1 0 605 322
0
1 mm 606 322
1 mm 607 322
1 mm 609 322
1 mm 613 322
2 kd 100 616 322 mm 616 322
1 mm 617 322
1 mm 619 322
1 ku 115 619 322
1 mm 620 322
0
1 mm 621 322
1 mm 623 322
1 mm 626 322
1 mm 632 322
1 mm 642 321
1 mm 650 318
1 mm 656 313
1 mm 662 307
1 mm 667 295
1 mm 607 167
0
1 kd 119 607 167
1 mm 608 167
1 mm 609 169
1 mm 611 171
1 mm 612 173
1 mm 615 175
1 mm 618 177
1 mm 620 178
1 mm 622 179
1 mm 625 179
1 mm 626 180
1 mm 627 180
0
1 mm 627 181
1 mm 628 181
0
0
0
0
0
1 mm 627 181
1 mm 626 181
1 mm 622 180
1 mm 618 177
1 mm 616 177
0
1 mm 616 176
0
1 mm 616 175
1 mm 617 174
1 mm 619 173
1 mm 625 171
1 mm 632 170
1 mm 639 168
1 mm 644 167
1 mm 647 167
0
1 mm 649 166
0
0
1 mm 649 165
0
1 mm 649 164
1 mm 649 162
1 mm 645 160
1 mm 642 157
0
0
0
0
0
0
0
0
0
1 mm 641 158
1 mm 641 160
1 mm 639 162
1 mm 637 168
1 mm 635 174
1 mm 632 180
1 mm 627 190
1 mm 624 194
1 mm 623 195
0
1 mm 622 196
0
1 mm 621 196
1 mm 619 197
1 mm 614 199
1 mm 609 200
1 mm 604 202
1 mm 601 203
1 mm 600 203
1 mm 600 204
1 mm 598 204
1 mm 595 204
1 mm 590 202
1 mm 586 199
1 mm 582 195
1 mm 576 191
1 mm 568 185
1 mm 560 180
1 mm 553 177
1 mm 550 175
0
0
0
0
0
0
0
0
0
0
1 mm 548 176
1 mm 550 180
1 mm 553 183
2 ku 100 555 186 mm 555 186
1 mm 557 188
1 mm 559 188
1 mm 560 189
1 mm 561 189
1 mm 562 189
1 mm 562 191
1 mm 563 191
1 mm 564 192
1 mm 566 194
1 mm 570 196
1 mm 574 198
1 mm 576 200
1 mm 579 202
1 mm 582 204
1 mm 583 204
0
1 mm 584 204
0
0
0
0
0
0
1 mm 585 204
1 kd 100 585 204
0
1 mm 586 204
1 mm 587 205
2 ku 119 588 206 mm 588 206
1 mm 590 208
2 ku 100 592 212 mm 592 212
1 mm 594 216
1 mm 595 218
1 mm 597 221
1 mm 599 223
1 mm 600 226
1 mm 601 229
1 mm 602 230
1 mm 602 232
1 mm 603 233
1 mm 603 234
1 mm 604 235
1 mm 605 237
1 mm 605 238
1 kd 100 605 238
1 mm 605 239
1 ku 100 605 239
1 kd 119 605 239
0
0
0
2 ku 119 606 239 mm 606 239
1 mm 607 239
1 mm 608 238
1 mm 610 236
1 mm 613 233
1 mm 617 229
1 mm 622 225
1 mm 626 221
1 mm 630 218
1 mm 632 217
1 mm 633 217
0
2 kd 100 634 217 mm 634 217
2 kd 119 635 217 mm 635 217
1 mm 636 218
1 mm 637 218
1 mm 637 220
1 mm 639 221
1 mm 640 222
1 mm 641 223
1 mm 642 223
0
0
0
0
0
0
0
1 ku 100 642 223
1 mm 641 224
1 ku 119 641 224
1 mm 640 224
1 mm 639 224
0
1 mm 638 224
1 mm 637 224
1 mm 637 223
0
0
1 mm 635 223
0
0
0
0
0
1 mm 634 225
1 mm 632 231
1 mm 632 241
1 mm 635 254
1 mm 638 267
2 kd 100 641 281 mm 641 281
2 kd 119 647 301 mm 647 301
1 mm 649 305
1 mm 650 308
1 mm 650 309
1 mm 650 310
0
1 mm 650 311
0
0
0
0
1 ku 119 650 311
0
0
0
3 mb 1 1 650 311 ku 100 650 312 md 650 312
0
0
0
1 md 651 312
1 md 651 314
1 md 651 315
0
2 mb 1 0 651 315 mm 652 315
2 kd 100 652 316 mm 652 316
2 kd 119 652 318 mm 652 318
1 mm 653 319
1 mm 653 322
1 mm 655 325
0
0
1 ku 100 655 325
0
0
0
0
0
2 kd 100 655 327 mm 655 327
1 mm 649 327
2 ku 119 637 327 mm 637 327
1 mm 625 327
1 mm 618 327
2 ku 100 617 328 mm 617 328
1 mm 617 329
3 kd 119 617 330 kd 97 617 330 mm 617 330
0
0
1 ku 97 617 330
1 mb 1 1 617 330
0
1 kd 100 617 330
2 ku 119 618 330 md 618 330
2 mb 1 0 618 330 mm 618 331
1 mm 620 333
1 mm 620 335
2 ku 100 618 337 mm 618 337
1 mm 615 342
1 mm 611 345
2 kd 119 610 346 mm 610 346
1 mm 608 346
1 mm 607 346
1 mm 607 345
1 mm 607 344
1 mm 607 343
1 ku 119 607 343
0
1 mm 608 343
0
0
1 mm 608 342
1 mm 608 339
1 mm 607 338
1 mm 607 335
1 mm 605 325
1 mm 604 314
1 mm 597 279
1 mm 592 261
1 mm 587 244
2 kd 97 577 214 mm 577 214
1 mm 574 201
2 kd 115 566 178 mm 566 178
1 mm 564 169
1 mm 563 165
1 mm 562 161
1 mm 562 160
0
0
1 mm 562 158
0
1 mm 561 158
1 mm 561 162
1 mm 559 167
2 ku 97 557 175 mm 557 175
1 mm 554 183
1 mm 553 190
1 mm 553 198
1 mm 553 204
1 mm 553 206
0
2 mb 1 1 553 206 md 555 206
0
0
0
1 md 556 206
0
1 md 557 207
2 mb 1 0 557 207 mm 559 208
1 mm 561 210
2 ku 115 566 217 mm 566 217
1 mm 572 228
1 mm 576 242
1 mm 579 255
1 mm 582 269
1 mm 583 279
1 mm 584 286
1 mm 584 289
1 mm 583 292
1 mm 582 295
1 mm 582 299
1 mm 581 305
1 mm 581 311
1 mm 581 314
1 mm 581 316
1 mm 583 316
1 mm 583 317
1 mm 587 321
1 mm 591 324
1 mm 597 329
1 mm 605 332
2 kd 115 612 334 mm 612 334
1 mm 623 335
1 mm 631 337
1 mm 640 337
1 mm 646 337
1 mm 648 337
0
0
0
1 mm 648 336
1 mm 648 335
1 mm 647 335
0
1 mm 646 335
1 mm 645 335
1 mm 641 339
1 mm 637 345
2 ku 115 632 352 mm 632 352
1 mm 628 360
1 mm 624 367
1 mm 622 371
1 mm 621 374
1 mm 620 374
2 kd 119 620 375 mm 620 375
0
1 mm 619 375
1 mm 618 375
1 mm 617 375
1 mm 617 373
1 mm 617 372
0
0
0
0
0
0
1 mm 618 372
1 mb 1 1 618 372
0
1 md 618 373
0
2 ku 119 618 374 md 618 374
1 md 618 375
1 md 617 375
1 md 616 377
1 md 614 380
1 md 603 391
2 mb 1 0 603 391 mm 595 399
1 mm 593 401
0
1 mm 593 402
1 mm 593 404
1 mm 594 405
2 kd 119 595 408 mm 595 408
1 mm 596 408
1 mm 597 408
1 mm 599 408
1 mm 601 408
1 mm 608 407
1 mm 612 405
2 kd 100 617 402 mm 617 402
1 mm 620 401
0
0
0
0
0
0
3 ku 100 620 402 ku 119 620 402 mm 620 402
0
2 mb 1 1 620 402 md 621 402
0
0
2 mb 1 0 621 402 mm 621 404
0
2 kd 97 621 405 mm 621 405
0
1 mb 1 1 621 405
0
0
0
1 mb 1 0 621 405
0
0
1 mm 622 405
1 mm 623 405
1 mm 625 405
1 mm 628 405
2 ku 97 629 405 mm 629 405
1 mm 632 404
2 kd 100 633 404 mm 633 404
1 mm 639 402
2 kd 119 645 398 mm 645 398
1 mm 649 391
1 mm 653 382
1 mm 655 374
1 mm 658 355
1 mm 660 346
1 mm 663 332
1 mm 665 325
1 mm 672 316
1 mm 673 314
1 mm 677 311
1 mm 678 311
1 mm 682 311
1 mm 688 311
1 mm 701 313
1 mm 715 312
1 mm 727 304
1 mm 736 294
1 mm 737 290
1 mm 738 281
1 mm 738 275
1 mm 738 272
1 mm 738 270
0
0
0
0
1 mm 738 275
1 mm 740 285
1 mm 740 291
1 mm 740 293
0
0
1 mm 739 295
1 mm 739 296
2 mb 1 1 739 296 md 739 297
0
0
0
1 mb 1 0 739 297
1 mm 740 297
1 mm 741 297
1 mm 744 297
1 mm 745 297
1 mm 746 297
1 mm 747 297
0
0
1 mm 748 297
0
1 mm 749 297
0
1 mm 750 297
1 mm 751 299
1 mm 753 300
1 mm 758 302
1 mm 760 303
1 ku 119 760 303
0
0
0
0
1 mm 759 303
0
1 mm 756 303
1 mm 751 303
1 mm 744 304
1 mm 737 307
1 mm 734 309
1 mm 724 313
1 mm 714 316
1 mm 710 317
1 mm 703 320
1 mm 701 320
1 mm 699 320
1 mm 697 320
1 mm 695 320
1 mm 695 318
1 mm 694 317
1 mm 694 314
1 mm 693 312
1 mm 691 311
0
0
0
1 mm 691 309
0
1 mm 692 309
1 mm 694 309
1 mm 696 309
1 mm 697 309
0
0
0
1 mm 696 310
1 mm 692 310
1 mm 686 310
1 mm 679 310
1 mm 673 310
1 mm 667 310
1 mm 663 310
1 mm 661 310
1 mm 660 310
0
0
2 ku 100 659 310 mm 659 310
0
1 mm 659 309
1 mm 658 309
1 mm 658 308
0
0
1 mm 658 307
1 mm 656 307
1 mm 656 306
1 mm 654 305
1 mm 647 301
1 mm 645 298
1 mm 644 298
1 mm 641 296
1 mm 637 293
2 kd 100 626 287 mm 626 287
1 mm 622 284
1 mm 616 281
1 mm 611 277
1 mm 604 272
1 mm 593 265
2 ku 100 578 259 mm 578 259
1 mm 559 257
1 mm 550 257
1 mm 545 258
1 mm 543 260
0
1 mm 543 261
0
0
0
0
0
1 mm 542 262
1 mm 542 264
1 mm 539 267
1 mm 537 269
1 mm 534 272
1 mm 531 276
1 mm 527 277
1 mm 525 278
1 mm 523 278
1 mm 522 278
0
1 mm 521 278
1 mm 520 279
1 mm 519 279
0
1 mm 518 279
0
1 mm 517 279
1 mm 516 279
1 mm 515 279
1 mm 513 277
1 mm 511 277
1 mm 509 276
1 mm 508 275
1 mm 506 275
1 mm 504 274
2 sd 113 503 274 mm 503 274
0
1 mm 502 274
1 mm 502 272
0
0
0
0
0
1 mm 501 272
0
0
0
0
0
0
0
0
1 su 113 501 272
0
0
0
0
0
0
0
0
0
0
0
0
0
0
0
0
0
0
0
0
1 mm 501 271
0
1 mm 502 271
1 mm 505 271
1 mm 513 271
1 mm 528 268
1 mm 547 260
1 mm 569 244
1 mm 591 223
1 mm 606 209
1 mm 611 202
1 mm 612 201
1 mm 614 200
1 mm 615 199
0
0
0
0
0
0
0
0
0
0
0
0
0
0
0
0
0
0
1 mm 616 199
0
1 mm 617 199
0
0
1 mm 617 200
1 mm 618 200
0
1 mm 619 201
0
0
0
0
0
1 mm 619 202
0
0
0
0
0
0
0
0
0
0
0
0
0
0
0
1 mm 621 193
1 mm 624 171
1 mm 624 156
1 mm 624 154
1 mm 624 153
0
0
1 mm 623 153
1 mm 623 154
1 mm 620 161
1 mm 619 164
1 mm 618 169
1 mm 618 172
1 mm 620 175
1 mm 625 182
2 kd 100 627 184 mm 627 184
1 mm 630 185
0
1 mm 630 186
1 mm 630 187
0
1 mm 630 190
1 mm 631 192
1 mm 632 193
1 mm 632 194
1 mm 626 198
1 mm 618 199
1 mm 609 199
2 ku 100 599 199 mm 599 199
1 mm 588 199
1 mm 578 202
1 mm 571 207
1 mm 562 217
2 kd 115 554 230 mm 554 230
1 mm 547 248
1 mm 544 269
1 mm 542 288
1 mm 541 309
1 mm 541 329
1 mm 549 366
1 mm 550 375
1 mm 551 380
1 mm 553 385
1 mm 555 389
1 mm 557 390
1 mm 561 388
1 mm 568 383
1 mm 588 367
1 mm 600 358
2 kd 100 616 342 mm 616 342
1 mm 622 328
1 mm 624 302
1 mm 624 273
1 mm 633 244
2 ku 115 655 217 mm 655 217
2 kd 115 694 199 mm 694 199
1 mm 728 195
1 mm 747 192
1 mm 753 191
2 mb 1 1 753 191 md 754 191
1 md 755 191
1 md 757 192
2 ku 115 766 198 md 766 198
1 md 778 210
1 md 789 222
2 mb 1 0 789 222 mm 794 234
1 mm 794 249
1 mm 790 265
1 mm 781 277
1 mm 775 288
1 mm 771 295
1 mm 770 302
1 mm 770 310
1 mm 773 322
1 mm 776 332
1 mm 777 337
1 mm 777 339
1 mm 777 340
0
1 mm 777 339
1 mm 776 335
1 mm 776 333
1 mm 776 332
0
1 kd 115 776 332
0
0
1 mm 776 331
2 mb 1 1 776 331 md 774 331
1 md 772 330
1 md 769 329
1 md 759 323
3 kd 97 753 316 ku 100 753 316 md 753 316
2 mb 1 0 753 316 mm 748 308
1 mm 746 300
1 mm 745 293
1 mm 748 283
2 ku 115 760 268 mm 760 268
2 kd 115 780 251 mm 780 251
1 mm 798 239
1 mm 815 232
1 mm 819 230
0
1 mm 810 230
1 mm 797 230
2 ku 115 778 229 mm 778 229
1 mm 756 227
1 mm 727 222
1 mm 691 215
1 mm 651 207
1 mm 611 198
1 mm 567 188
1 mm 529 178
1 mm 493 170
1 mm 459 160
1 mm 430 153
1 mm 408 147
1 mm 383 142
1 mm 376 141
1 mm 370 140
1 mm 369 140
1 mm 364 140
1 mm 354 144
2 kd 119 342 151 mm 342 151
1 mm 331 155
1 mm 326 156
1 mm 326 157
0
1 mm 327 157
1 mm 327 156
0
1 mm 328 156
1 mm 329 156
2 mb 1 1 329 156 md 330 160
1 md 331 162
1 ku 119 331 162
0
0
1 md 330 162
0
1 md 330 161
1 md 330 159
2 mb 1 0 330 159 mm 330 158
1 mm 330 157
2 kd 119 331 157 mm 331 157
1 mm 333 152
1 mm 340 141
1 mm 345 133
2 ku 97 350 124 mm 350 124
1 mm 350 120
1 mm 350 119
0
1 mm 351 118
0
0
1 mm 352 118
1 mm 354 118
1 mm 357 121
1 mm 358 128
1 mm 355 139
1 mm 348 148
1 mm 340 156
1 mm 332 165
1 mm 325 175
1 mm 317 190
1 mm 308 206
1 mm 302 218
1 mm 301 222
0
0
0
0
0
0
0
0
0
0
0
0
0
0
0
0
3 kd 100 301 223 kd 102 301 223 mm 301 223
0
1 ku 102 301 223
0
0
0
0
0
0
0
1 mm 300 223
1 mm 299 220
1 mm 297 219
2 ku 100 295 218 mm 295 218
0
0
1 mm 295 219
1 mm 296 229
1 mm 301 250
1 mm 317 276
2 kd 97 334 300 mm 334 300
1 mm 340 312
1 mm 340 317
1 mm 338 324
1 mm 333 331
1 mm 328 335
1 mm 325 339
2 mb 1 1 325 339 md 323 342
1 md 323 344
1 md 323 345
0
1 md 324 345
1 md 333 345
1 md 350 341
2 mb 1 0 350 341 mm 374 334
1 mm 386 330
1 mm 398 320
1 mm 401 313
1 mm 404 300
1 mm 406 286
1 mm 407 274
1 mm 407 264
1 mm 407 262
1 mm 407 259
1 mm 407 255
1 mm 404 250
0
0
0
0
1 mm 403 251
1 mm 401 253
1 mm 400 253
1 mm 400 255
0
0
1 ku 119 400 255
0
0
0
0
0
0
0
0
0
0
1 kd 119 400 255
0
0
0
0
0
0
0
0
0
1 mm 400 256
1 mm 400 258
1 mm 400 261
1 mm 401 268
2 ku 119 409 283 mm 409 283
1 mm 421 300
1 mm 433 316
1 mm 442 328
1 mm 446 337
1 mm 448 344
1 mm 448 345
1 mm 448 346
1 mm 448 347
0
1 mm 448 348
1 mm 446 348
1 mm 445 348
1 mm 444 348
0
1 mm 442 348
1 mm 441 348
1 mm 438 348
2 kd 119 436 348 mm 436 348
1 mm 435 348
1 mm 434 348
1 mm 432 348
0
1 mm 431 349
0
1 mm 430 349
0
2 mb 1 1 430 349 md 430 350
1 md 430 353
1 md 430 356
1 md 434 362
1 md 441 369
1 md 451 377
2 ku 119 460 383 md 460 383
2 mb 1 0 460 383 mm 463 384
1 mm 464 384
1 mm 467 384
1 mm 476 384
1 mm 482 381
1 mm 486 378
0
0
1 mm 484 378
1 mm 479 378
1 mm 468 366
1 mm 465 363
1 mm 465 362
0
1 mm 464 362
1 mm 463 360
1 mm 462 360
0
1 mm 461 360
0
0
0
0
0
1 mm 461 359
0
0
0
0
0
3 mb 1 1 461 359 kd 115 460 360 md 460 360
1 md 462 361
1 md 462 371
1 md 462 388
2 ku 97 464 406 md 464 406
2 mb 1 0 464 406 mm 467 417
0
0
0
1 mm 469 421
0
1 mm 469 422
0
0
1 kd 97 469 422
0
0
0
1 ku 115 469 422
0
1 mb 1 1 469 422
0
0
0
0
1 mb 1 0 469 422
1 mm 470 422
1 mm 471 422
0
1 mm 472 422
1 mm 473 422
2 kd 119 474 422 mm 474 422
1 mm 477 422
1 mm 481 422
1 mm 488 420
1 mm 495 416
1 mm 500 414
2 mb 1 1 500 414 md 501 414
1 md 502 413
1 md 503 413
1 md 506 412
2 ku 97 508 412 md 508 412
1 md 510 411
2 mb 1 0 510 411 mm 514 408
1 mm 516 406
1 mm 517 405
1 mm 517 404
1 mm 518 404
0
0
0
1 kd 100 518 404
0
0
0
0
0
1 mm 517 405
1 mm 516 407
1 mm 516 408
1 mm 515 412
1 mm 512 416
1 mm 511 418
0
0
1 mm 509 418
1 mm 505 418
1 mm 500 418
1 mm 498 418
1 mm 497 418
0
0
0
0
0
0
0
0
0
0
0
0
0
1 ku 119 497 418
1 mm 497 417
1 mm 498 417
0
1 mm 499 417
1 mm 501 415
1 mm 507 415
1 mm 515 414
1 mm 523 415
1 mm 531 420
1 mm 536 425
1 mm 539 430
1 mm 539 436
1 mm 539 443
2 kd 115 536 450 mm 536 450
1 mm 532 456
1 mm 526 461
1 mm 520 461
1 mm 510 460
2 ku 100 499 454 mm 499 454
1 mm 486 442
1 mm 469 426
1 mm 455 412
1 mm 443 400
1 mm 432 388
2 kd 97 424 378 mm 424 378
1 mm 415 370
1 mm 411 365
1 mm 410 364
1 mm 410 362
1 mm 411 358
1 mm 416 350
1 mm 424 337
1 mm 436 321
1 mm 449 303
1 mm 466 284
1 mm 485 265
1 mm 510 244
1 mm 538 223
1 mm 566 204
1 mm 595 187
2 ku 97 618 176 mm 618 176
1 mm 637 171
1 mm 655 169
1 mm 693 174
1 mm 710 180
1 mm 721 187
1 mm 725 195
1 mm 724 205
1 mm 705 237
1 mm 692 258
1 mm 681 280
1 mm 675 298
1 mm 672 310
1 mm 672 315
1 mm 674 320
1 mm 677 323
1 mm 681 325
1 mm 690 329
1 mm 696 332
1 mm 701 334
1 mm 704 336
0
0
1 kd 100 704 336
1 mm 701 336
1 mm 689 334
1 mm 671 333
1 mm 652 334
1 mm 632 342
1 mm 615 350
1 mm 600 360
1 mm 590 367
1 mm 585 370
0
0
0
2 ku 115 584 368 mm 584 368
1 mm 585 362
1 mm 589 353
1 mm 593 341
1 mm 600 332
1 mm 608 325
1 mm 616 321
1 mm 625 318
1 mm 638 314
1 mm 657 305
1 mm 682 291
1 mm 711 272
1 mm 736 253
1 mm 754 235
1 mm 770 215
1 mm 782 198
1 mm 790 183
2 kd 119 795 171 mm 795 171
1 mm 795 164
1 mm 795 156
1 mm 792 152
1 mm 789 149
1 mm 786 146
1 mm 781 142
1 mm 777 139
1 mm 772 135
1 mm 765 129
1 mm 758 121
1 mm 747 113
1 mm 733 103
1 mm 717 92
1 mm 687 78
1 mm 679 75
1 mm 642 25
1 mm 643 23
1 mm 643 21
1 mm 643 19
1 mm 639 16
1 mm 633 14
2 ku 100 623 11 mm 623 11
1 mm 614 10
1 mm 606 10
1 mm 599 10
1 mm 595 9
1 mm 590 9
1 mm 587 9
2 kd 100 586 9 mm 586 9
0
0
0
0
0
0
1 mm 587 8
1 mm 588 7
1 mm 589 5
1 mm 591 3
1 mm 592 1
3 ku 100 595 0 mm 595 0 mm 640 360
1 mm 644 355
1 mm 648 350
1 mm 652 347
1 mm 655 344
1 mm 657 342
1 mm 659 340
1 mm 660 339
0
0
0
0
0
0
0
1 mm 660 338
0
1 mm 659 338
1 mm 656 338
1 mm 653 338
1 mm 650 339
1 mm 646 340
1 mm 644 340
1 mm 642 340
1 mm 642 341
1 mm 640 341
1 mm 639 343
1 mm 635 350
1 mm 629 366
2 ku 119 623 388 mm 623 388
1 mm 615 420
1 mm 609 452
1 mm 606 485
1 mm 605 512
1 mm 605 530
1 mm 605 546
2 kd 115 601 560 mm 601 560
1 mm 593 578
1 mm 584 595
1 mm 569 613
1 mm 554 630
1 mm 535 645
1 mm 515 656
1 mm 496 662
1 mm 476 665
1 mm 454 666
1 mm 435 666
1 mm 417 664
1 mm 402 661
1 mm 390 656
1 mm 381 650
1 mm 375 645
1 mm 369 640
1 mm 364 637
1 mm 361 635
1 mm 358 633
2 kd 97 356 631 mm 356 631
1 mm 354 628
1 mm 353 626
1 mm 353 622
1 mm 353 618
1 mm 354 617
1 mm 354 616
0
1 mm 355 616
1 mm 358 616
1 mm 363 616
1 mm 372 618
1 mm 384 621
1 mm 398 626
1 mm 409 631
1 mm 420 637
1 mm 431 642
1 mm 440 649
1 mm 449 655
1 mm 455 660
1 mm 461 665
1 mm 462 666
1 mm 462 667
0
0
0
0
0
0
0
1 mm 461 666
1 mm 457 660
1 mm 450 651
1 mm 443 641
2 ku 97 434 630 mm 434 630
1 mm 427 620
1 mm 420 610
1 mm 414 604
1 mm 410 599
1 mm 408 595
1 mm 407 594
1 mm 407 592
1 mm 406 590
1 mm 404 588
1 mm 404 587
0
0
1 mm 404 586
1 kd 97 404 586
0
0
1 mm 404 585
0
1 mm 404 584
1 mm 404 583
0
0
1 mm 404 582
0
0
0
1 ku 115 404 582
0
0
0
0
0
0
0
0
0
1 kd 115 404 582
1 mm 404 581
0
1 mm 406 580
1 mm 407 578
1 mm 410 574
1 mm 423 557
1 mm 440 537
1 mm 447 528
1 mm 454 522
1 mm 457 519
2 mb 1 1 457 519 md 459 518
0
0
0
0
0
0
0
0
0
0
1 md 459 517
1 mb 1 0 459 517
0
0
0
0
0
0
1 mm 459 518
0
1 mm 459 519
1 mm 461 520
1 mm 461 521
2 ku 97 462 525 mm 462 525
0
1 mm 462 528
1 mm 462 529
2 kd 100 464 531 mm 464 531
1 mm 464 533
0
1 mm 464 534
0
0
1 mm 463 535
1 mm 462 535
1 mm 460 537
1 mm 457 540
1 mm 452 544
2 ku 100 447 550 mm 447 550
1 mm 442 556
1 mm 437 560
1 mm 433 564
1 mm 431 565
0
1 mm 430 565
0
1 mm 428 565
1 mm 427 563
1 mm 423 556
1 mm 420 548
2 mb 1 1 420 548 md 416 540
1 md 416 533
1 md 415 527
1 md 415 519
1 md 417 510
1 md 419 504
1 md 422 499
1 md 424 495
1 md 425 494
1 md 426 492
0
1 md 426 491
0
1 md 427 490
0
1 md 428 490
1 mb 1 0 428 490
0
0
0
1 ku 115 428 490
0
0
0
0
0
0
0
0
0
0
2 kd 97 428 490 kd 115 428 490
2 ku 97 428 488 mm 428 488
1 mb 1 1 428 488
0
0
0
0
0
0
0
0
1 mb 1 0 428 488
1 kd 100 428 488
1 ku 115 428 488
0
0
0
2 kd 97 428 488 ku 100 428 488
0
0
1 mm 429 488
0
1 mm 429 487
0
1 mm 429 486
1 mm 429 483
1 mm 428 479
3 kd 100 427 476 ku 97 427 476 mm 427 476
1 mm 426 473
1 mb 1 1 426 473
1 md 426 472
0
0
0
1 kd 119 426 472
2 ku 100 426 471 md 426 471
0
1 md 426 470
1 mb 1 0 426 470
0
1 mm 424 470
0
1 mm 423 469
2 kd 97 423 468 mm 423 468
1 mm 422 468
1 mm 421 468
2 ku 119 420 467 mm 420 467
1 mm 419 467
1 mm 418 467
1 mm 417 467
1 mm 415 465
1 mm 413 465
1 mm 410 464
1 mm 406 464
1 mm 403 463
1 mm 400 463
1 mm 398 462
0
1 mm 397 462
0
0
1 kd 119 397 462
1 mb 1 1 397 462
0
0
0
0
1 ku 97 397 462
0
0
0
0
0
0
2 mb 1 0 397 462 ku 119 397 462
0
0
1 kd 100 397 462
0
0
0
0
0
0
0
1 ku 100 397 462
1 kd 119 397 462
0
0
0
0
1 mm 396 462
1 mm 395 462
0
0
2 mb 1 1 395 462 md 394 462
0
0
0
0
0
2 ku 119 393 462 md 393 462
1 md 392 462
1 md 389 462
2 mb 1 0 389 462 mm 384 461
1 mm 380 460
1 mm 375 459
1 mm 374 459
1 mm 373 459
0
0
0
0
0
0
0
0
1 mb 1 1 373 459
0
0
0
0
0
0
1 kd 119 373 459
1 mb 1 0 373 459
0
1 mm 373 460
0
0
1 mm 373 461
1 mm 373 462
2 kd 100 373 463 mm 373 463
1 ku 119 373 463
0
0
0
0
1 kd 119 373 463
0
1 ku 100 373 463
1 mm 373 464
1 mm 371 464
1 mm 368 464
1 mm 364 465
1 mm 361 466
1 mm 359 466
1 mm 357 467
0
1 kd 97 357 467
0
0
0
1 mm 356 466
0
0
1 mb 1 1 356 466
0
1 ku 97 356 466
1 ku 119 356 466
0
0
1 md 356 467
1 md 356 468
1 md 355 471
1 md 355 474
1 md 355 475
1 md 355 476
0
0
0
2 mb 1 0 355 476 mm 355 477
1 mm 355 478
1 mm 355 480
1 mm 355 482
1 mm 354 484
1 mm 354 486
0
1 mm 354 487
0
1 mm 354 488
1 mm 354 489
0
1 mm 354 490
1 mm 354 491
1 mm 354 492
1 mm 354 493
2 mb 1 1 354 493 md 354 494
1 md 354 495
0
0
0
0
1 md 356 495
1 md 358 495
1 md 361 495
1 md 364 495
1 md 368 495
1 md 373 495
1 md 378 495
1 md 381 495
1 md 382 494
0
1 mb 1 0 382 494
1 mm 383 494
0
0
0
0
1 mm 384 494
1 mm 384 493
0
0
1 mm 385 493
1 mb 1 1 385 493
0
1 md 385 492
1 md 386 492
0
0
1 md 387 491
0
1 kd 100 387 491
1 mb 1 0 387 491
1 mm 388 491
0
0
0
0
1 kd 115 388 491
0
1 ku 100 388 491
0
0
0
0
0
0
1 mm 389 491
0
1 mm 389 492
1 mm 390 492
0
1 mm 390 493
0
0
0
0
0
0
0
0
0
1 mm 390 492
1 mm 388 492
0
1 mb 1 1 388 492
1 md 387 491
0
1 kd 97 387 491
1 md 387 490
2 ku 115 386 490 md 386 490
1 md 386 489
1 md 386 488
1 md 386 487
0
2 mb 1 0 386 487 mm 386 486
0
0
0
0
0
0
0
0
0
0
1 ku 97 386 486
0
0
0
1 mb 1 1 386 486
0
0
0
0
0
0
1 kd 115 386 486
0
0
0
0
1 mb 1 0 386 486
0
0
0
0
0
0
0
0
0
0
0
0
0
0
1 ku 115 386 486
0
0
1 mb 1 1 386 486
0
0
0
0
0
0
0
0
0
2 mb 1 0 386 486 mm 386 485
0
0
0
1 mm 386 484
0
1 mm 386 483
1 mm 386 482
1 mm 386 481
1 mm 386 480
0
1 mm 386 479
1 mm 386 478
0
0
2 kd 100 386 477 mm 386 477
0
0
0
0
2 kd 119 386 476 mm 386 476
1 mm 388 476
0
1 mm 389 475
1 mm 390 474
0
1 mm 391 474
1 mm 391 473
0
1 mm 392 473
0
0
0
0
0
0
0
0
0
0
1 ku 100 392 473
0
0
2 ku 119 391 473 mm 391 473
1 mm 390 473
1 mm 390 475
1 mm 389 475
1 mm 388 475
1 mm 387 475
1 mm 382 470
1 mm 378 468
1 mm 375 466
1 mm 372 465
0
1 mm 370 464
1 mb 1 1 370 464
0
0
0
0
0
0
0
0
0
0
0
0
0
0
0
0
0
0
0
0
0
0
0
0
0
0
0
0
0
0
0
0
0
0
0
0
0
0
0
0
0
0
1 kd 100 370 464
0
0
0
0
1 ku 100 370 464
1 mb 1 0 370 464
0
0
0
0
0
0
0
0
0
0
0
0
0
0
0
0
1 mm 369 464
0
1 mb 1 1 369 464
0
0
0
0
1 kd 115 369 464
0
0
0
0
0
0
0
0
0
0
0
0
0
1 ku 115 369 464
1 mb 1 0 369 464
0
0
0
1 mm 369 465
0
0
0
0
0
0
0
0
0
0
0
0
0
0
0
1 mm 368 465
0
0
0
0
1 mb 1 1 368 465
0
0
0
0
0
1 mb 1 0 368 465
0
0
0
0
0
0
0
0
0
0
0
0
0
1 mm 369 466
1 mm 371 472
2 kd 119 378 480 mm 378 480
0
0
0
0
0
0
0
0
0
0
0
0
0
0
0
0
0
1 mm 373 469
1 mm 373 467
0
2 kd 97 373 466 mm 373 466
1 mm 373 465
1 mm 373 463
1 mm 373 461
1 mm 373 455
1 mm 374 448
1 mm 374 438
1 mm 368 420
1 mm 366 415
1 mm 366 414
0
0
0
0
1 ku 119 366 414
0
0
0
0
0
0
0
0
0
0
0
0
0
0
0
0
0
0
0
0
0
0
1 mm 366 415
0
0
1 mm 366 416
0
0
0
1 kd 119 366 416
0
0
0
0
0
0
0
0
0
1 mm 366 417
0
0
0
0
0
0
1 mm 366 418
1 ku 119 366 418
0
0
0
0
0
0
1 ku 97 366 418
0
0
0
0
0
0
0
0
0
0
0
0
0
1 mm 367 418
1 mm 368 418
1 mm 369 418
1 mm 370 418
1 mm 371 418
1 mm 374 418
1 mm 379 418
1 mm 383 418
1 mm 384 417
0
0
0
0
0
0
0
0
0
1 mm 385 417
0
0
0
0
0
0
0
0
0
0
0
0
0
0
0
0
0
0
0
0
0
0
0
0
0
0
0
0
0
0
0
0
1 mm 386 417
1 mm 403 415
1 mm 424 407
1 mm 446 389
1 mm 468 370
1 mm 488 352
1 mm 500 346
1 mm 501 345
1 mm 501 344
0
0
0
0
0
0
1 mm 502 344
0
1 mm 503 344
1 mm 503 343
1 mm 504 343
0
1 mm 504 342
1 mm 504 341
1 mm 504 340
1 mm 504 338
1 mm 506 335
1 mm 509 330
1 mm 514 326
1 mm 523 323
1 mm 543 326
1 mm 553 332
1 mm 561 339
1 mm 566 341
1 mm 574 345
1 mm 579 347
1 mm 580 347
1 mm 583 347
1 mm 587 348
1 mm 590 348
1 mm 593 349
1 mm 595 350
0
1 mb 1 1 595 350
0
0
0
1 kd 115 595 350
1 md 598 351
1 md 602 353
1 md 610 354
1 md 617 354
1 md 624 355
1 md 627 355
1 md 631 355
1 md 633 355
1 md 635 355
1 md 637 354
1 md 639 352
1 md 643 350
2 ku 115 645 350 md 645 350
1 md 650 350
2 mb 1 0 650 350 mm 655 350
1 mm 663 350
1 mm 669 350
1 mm 672 351
0
1 mm 674 351
2 kd 100 675 351 mm 675 351
1 mm 675 352
1 mm 676 352
1 mm 678 353
1 mm 686 355
1 mm 691 355
1 mm 697 357
1 mm 703 358
2 ku 100 708 359 mm 708 359
2 kd 119 710 359 mm 710 359
1 mm 712 361
0
0
1 ku 119 712 361
0
2 mb 1 1 712 361 md 712 362
1 md 712 363
1 md 712 364
2 kd 97 712 365 md 712 365
1 md 713 365
1 md 713 366
1 md 713 368
1 md 713 369
1 md 714 375
1 md 716 379
1 md 717 383
2 mb 1 0 717 383 mm 720 389
1 mm 724 398
1 mm 727 402
1 mm 728 404
2 ku 97 729 405 mm 729 405
1 kd 100 729 405
0
0
0
0
0
1 ku 100 729 405
0
1 kd 115 729 405
1 mm 730 405
0
0
0
0
1 kd 97 730 405
0
0
0
0
0
1 ku 115 730 405
0
0
0
0
0
0
1 kd 100 730 405
1 ku 97 730 405
0
0
0
0
0
1 mm 731 406
1 mm 731 408
1 mm 734 408
1 mm 735 408
1 mm 736 408
0
1 mm 737 407
1 mm 737 405
1 mm 737 404
1 mm 737 403
1 mm 737 402
1 mm 737 401
0
1 mm 737 400
0
1 mm 735 400
1 mm 733 398
1 mm 731 396
1 mm 729 394
1 mm 729 393
1 mm 726 389
1 mm 725 386
1 mm 722 380
1 mm 719 373
1 mm 718 369
1 mm 717 367
0
1 mm 717 365
0
1 mm 717 364
0
0
1 mm 717 363
0
1 mm 716 363
1 mm 715 362
1 mm 714 362
0
0
0
0
0
0
0
0
0
0
0
0
0
0
1 mm 714 361
0
0
0
1 mm 713 361
1 mm 711 360
1 mm 705 358
1 mm 697 356
2 mm 688 353 kd 119 688 353
1 mm 680 350
1 mm 674 348
1 mm 669 346
1 mm 666 344
0
1 mm 664 343
0
1 ku 119 664 343
0
0
0
0
0
0
1 ku 100 664 343
0
0
0
0
0
0
0
0
0
0
0
0
0
0
0
0
0
0
0
1 mm 663 343
0
0
0
0
0
0
0
0
0
0
0
1 mm 662 343
1 mm 662 344
0
0
0
0
0
0
0
0
0
0
0
0
0
0
0
0
0
0
0
1 mm 662 343
1 mm 660 343
1 mm 659 343
0
1 mm 659 342
1 mm 658 342
0
1 mm 657 341
0
0
0
0
0
1 mm 657 340
0
0
0
0
1 mm 658 339
1 mm 659 338
1 mm 660 338
1 mm 660 336
1 mm 662 334
1 mm 665 332
1 mm 669 330
1 mm 671 328
1 mm 676 323
1 mm 677 320
1 mm 678 317
1 mm 679 311
1 mm 680 306
1 mm 680 297
1 mm 678 287
1 mm 676 275
1 mm 673 266
1 mm 668 256
1 mm 664 248
1 mm 660 241
1 mm 656 235
1 mm 652 230
1 mm 652 229
0
1 mb 1 1 652 229
0
0
0
1 md 651 229
1 md 651 228
0
1 md 651 227
2 kd 115 651 227 mb 1 0 651 227
0
1 mm 650 226
2 mb 1 1 650 226 md 651 225
1 md 651 223
1 md 652 223
1 md 652 222
2 kd 100 653 221 md 653 221
3 ku 115 654 220 mb 1 0 653 221 mm 654 220
0
0
0
1 mm 655 220
0
0
0
1 mm 656 220
2 ku 100 656 218 mm 656 218
0
0
0
0
0
1 kd 97 656 218
0
1 mm 657 218
0
1 mm 659 218
1 mm 664 221
1 mm 672 225
1 mm 683 229
2 ku 97 692 229 mm 692 229
1 mm 698 228
2 kd 100 700 227 mm 700 227
0
0
0
0
0
1 mm 699 227
1 mm 698 226
1 mm 697 226
1 mm 696 226
1 mb 1 1 696 226
0
0
0
0
0
0
0
0
0
1 ku 100 696 226
0
0
0
0
1 md 695 226
0
0
0
1 md 694 226
1 md 693 226
0
1 md 692 226
1 md 691 226
1 md 689 227
1 md 687 227
1 md 685 227
1 md 683 228
0
2 kd 97 682 229 md 682 229
0
0
0
0
1 ku 97 682 229
0
0
1 md 683 229
0
0
0
0
0
0
0
0
0
0
0
0
1 md 684 229
0
0
1 md 684 230
0
1 md 684 231
0
0
0
0
1 md 684 232
0
0
0
0
0
1 md 684 233
0
0
0
1 md 683 233
0
1 md 682 233
1 md 681 233
1 md 680 233
0
0
0
0
0
0
0
0
0
0
0
0
0
0
0
0
0
0
0
0
0
0
0
0
0
1 md 679 233
0
1 md 678 233
0
1 md 677 232
0
1 md 676 232
0
1 md 675 232
0
2 kd 100 674 232 md 674 232
0
1 md 673 232
0
0
0
0
0
0
1 md 672 232
0
0
1 ku 100 672 232
0
0
0
0
1 md 671 232
0
1 md 670 232
0
0
1 md 669 232
0
1 md 668 232
1 md 667 233
0
1 md 666 233
0
1 md 665 234
2 kd 97 664 234 md 664 234
0
0
0
0
0
0
2 mb 1 0 664 234 ku 97 664 234
0
0
0
0
0
0
1 kd 119 664 234
1 mm 664 235
1 mm 667 239
1 mm 670 244
1 mm 677 253
1 mm 687 263
1 mm 700 277
1 mm 706 284
0
0
0
0
0
0
0
0
0
0
0
0
0
1 mm 694 277
1 mm 674 265
1 mm 667 257
1 mm 660 240
1 mm 652 215
1 mm 647 183
1 mm 646 165
1 mm 643 159
1 mm 643 158
1 mm 642 157
1 mm 642 156
0
0
0
1 mm 640 156
0
1 mm 640 158
1 mm 640 160
1 mm 640 165
1 mm 640 172
1 mm 642 181
1 mm 646 193
1 mm 652 206
1 mm 659 218
1 mm 664 229
1 mm 669 238
1 mm 673 243
1 mm 681 252
1 mm 686 258
1 mm 689 259
0
0
1 ku 119 689 259
0
0
0
0
0
0
0
0
0
0
0
0
0
0
0
0
0
0
0
0
1 mm 687 260
1 mm 686 260
0
0
0
0
0
0
0
0
1 mm 685 260
0
0
0
0
0
0
0
0
0
0
0
0
0
0
0
0
0
0
0
0
0
0
0
0
0
0
0
0
0
0
0
0
0
0
0
0
0
0
0
0
0
0
0
0
0
0
0
0
0
0
1 mm 686 260
1 mm 689 257
1 mm 693 252
1 mm 698 246
1 mm 700 244
1 mm 702 242
1 mm 702 240
0
0
0
1 mm 702 239
0
0
1 mm 702 238
1 mm 701 238
0
1 mm 701 237
1 mm 700 236
0
1 mm 700 235
1 mm 700 234
1 kd 119 700 234
1 mm 699 233
0
0
0
0
1 mm 698 232
0
0
0
0
0
0
1 kd 97 698 232
1 ku 119 698 232
0
0
0
0
0
0
0
0
0
1 mm 698 229
2 kd 115 698 227 mm 698 227
1 mm 698 220
1 mm 696 210
2 ku 115 693 194 mm 693 194
1 mm 688 180
2 ku 97 681 166 mm 681 166
1 mm 676 158
1 mm 673 152
1 mm 672 148
1 mm 672 146
1 mm 672 145
1 mm 672 144
1 kd 119 672 144
1 mm 672 143
1 mm 672 142
0
1 mm 671 142
1 mm 671 140
0
1 mm 671 139
1 mm 672 138
1 mm 672 137
1 mm 672 135
1 mm 672 130
1 mm 668 124
1 mm 664 120
0
0
0
0
0
0
0
1 mm 663 120
0
1 mm 662 120
0
0
1 mm 661 120
0
2 kd 97 661 120 ku 119 661 120
0
0
1 mm 660 120
0
1 mb 1 1 660 120
0
1 ku 97 660 120
1 md 659 121
1 md 659 122
1 md 657 124
1 md 654 127
1 md 650 134
1 md 647 142
1 md 643 151
1 md 642 155
1 md 642 156
0
0
0
1 md 641 156
1 kd 100 641 156
0
1 mb 1 0 641 156
1 mm 640 156
0
1 mm 640 157
0
0
0
1 ku 100 640 157
0
1 mm 638 157
1 mm 637 157
1 mm 635 157
1 mm 634 156
0
1 kd 97 634 156
0
0
0
0
0
0
0
0
0
0
1 mm 633 156
0
2 kd 119 632 156 mm 632 156
1 mm 632 155
1 mm 630 155
0
0
1 mm 629 155
0
0
0
0
0
0
0
1 mm 628 155
0
0
0
0
0
1 mm 627 155
0
0
1 ku 97 627 155
1 mm 626 155
0
0
0
0
1 mm 625 155
0
0
1 mm 624 155
0
0
0
0
1 ku 119 624 155
1 mm 624 156
1 mm 624 157
1 mm 624 158
0
0
0
0
0
0
0
0
0
0
0
0
0
0
0
0
0
0
0
0
0
0
0
0
0
0
0
0
0
0
0
0
0
0
0
0
0
0
0
0
0
0
0
0
0
0
0
0
0
0
0
0
0
0
0
0
0
0
0
0
0
1 mm 624 159
0
0
0
0
0
0
0
0
0
0
0
0
0
0
0
1 mm 627 160
1 mm 631 160
1 mm 634 160
1 mm 637 160
1 mm 639 160
1 mm 642 160
1 mm 646 159
1 mm 649 157
1 mm 649 155
1 mm 650 154
0
0
0
0
0
0
1 mm 650 153
1 mm 650 151
1 mm 650 145
1 mm 650 138
1 mm 650 130
1 mm 650 123
1 mm 649 118
2 kd 97 647 112 mm 647 112
0
1 mm 646 110
1 mm 645 109
1 mm 643 108
0
1 mm 642 108
1 mm 641 108
0
2 ku 97 640 108 mm 640 108
0
0
0
0
0
0
0
1 mb 1 1 640 108
0
0
0
0
0
1 md 639 109
0
1 md 639 110
0
0
0
0
0
0
0
0
0
1 md 638 110
0
0
0
0
1 md 637 109
0
1 md 637 108
0
1 md 636 108
0
0
1 md 636 107
0
0
0
0
0
0
1 kd 97 636 107
0
0
0
0
0
0
0
0
0
0
2 ku 97 636 106 md 636 106
0
0
0
0
0
0
0
0
0
0
0
0
0
0
0
0
0
0
0
0
0
0
0
1 kd 97 636 106
0
1 mb 1 0 636 106
0
0
0
0
0
0
0
0
0
0
0
0
2 kd 119 636 105 mm 636 105
0
0
0
0
0
0
0
1 ku 97 636 105
0
0
1 kd 100 636 105
0
0
0
0
0
0
0
0
1 ku 119 636 105
1 kd 97 636 105
1 ku 100 636 105
0
0
0
0
0
0
0
0
0
0
0
0
0
0
0
0
1 kd 119 636 105
1 mm 635 103
1 mm 632 102
1 mm 629 100
1 mm 623 97
1 mm 616 93
1 mm 609 89
1 mm 604 84
1 mm 598 78
1 mm 593 72
1 mm 591 67
1 mm 591 62
1 mm 590 58
2 ku 97 590 54 mm 590 54
1 mm 590 50
1 mm 590 48
1 mm 590 46
1 mm 590 44
1 mm 591 43
1 mm 592 42
1 mm 593 42
1 mm 593 40
1 mm 595 38
1 mm 597 37
1 mm 598 37
1 mm 600 37
1 mm 601 36
1 mm 602 36
0
0
0
0
0
0
0
0
1 kd 97 602 36
0
0
0
0
0
0
0
0
0
1 mm 603 36
1 ku 119 603 36
1 mm 604 37
1 mm 604 38
1 mm 605 38
1 ku 97 605 38
1 mm 606 40
1 mm 606 41
1 mm 609 44
1 mm 620 56
0
0
0
0
0
0
0
0
0
0
0
0
0
0
0
0
0
0
0
0
0
0
0
0
0
0
0
1 mm 619 62
1 mm 615 57
0
0
0
0
0
0
0
0
0
0
0
0
1 mm 615 58
0
0
0
0
0
0
0
1 mm 615 59
0
0
0
0
0
0
0
0
0
0
0
0
0
0
0
0
0
0
0
0
0
0
0
1 mm 616 59
0
1 mm 617 59
1 mm 618 59
1 mm 620 59
0
1 mm 621 59
1 mm 622 59
1 mm 622 57
1 mm 623 57
1 mm 624 57
1 mm 626 57
1 mm 628 56
1 mm 630 55
1 mm 634 55
1 mm 637 54
1 mm 641 53
1 mm 646 53
1 mm 651 53
1 mm 661 53
1 mm 663 53
1 mm 666 53
1 mm 667 53
1 mm 668 53
0
1 mm 669 53
1 mm 670 53
1 mm 674 51
1 mm 677 51
1 mm 684 51
1 mm 692 51
1 mm 701 51
1 mm 710 51
1 mm 718 51
1 mm 726 51
2 kd 100 733 51 mm 733 51
1 mm 739 51
1 mm 748 51
1 mm 757 50
1 mm 763 49
1 mm 769 49
1 mm 776 49
1 mm 780 49
1 mm 784 49
1 mm 787 49
1 mm 790 49
1 mm 793 49
1 mm 795 49
1 mm 797 49
1 mm 798 49
1 mm 800 49
1 mm 805 49
1 mm 812 52
1 mm 823 56
1 mm 837 62
1 mm 853 69
1 mm 871 77
1 mm 888 85
1 mm 902 91
1 mm 915 97
1 mm 922 100
1 mm 926 103
1 mm 928 103
1 mm 928 104
0
0
0
0
0
0
0
1 mm 928 105
1 mm 927 105
0
1 mm 926 105
0
1 mm 924 105
1 mm 922 106
1 mm 919 106
1 mm 914 107
1 mm 910 107
1 mm 904 107
1 mm 899 107
1 mm 895 107
1 mm 892 107
1 mm 891 107
1 mm 889 107
1 mm 888 107
1 mm 887 107
1 mm 884 107
1 mm 881 107
1 mm 876 107
1 mm 870 107
1 mm 862 107
1 mm 852 109
1 mm 843 113
1 mm 833 119
1 mm 824 124
1 mm 817 131
1 mm 811 137
1 mm 806 143
1 mm 803 147
1 mm 800 151
1 mm 798 155
1 mm 795 161
1 mm 792 166
1 mm 789 170
1 mm 787 175
1 mm 784 179
1 mm 782 184
1 mm 780 189
1 mm 778 193
1 mm 777 197
1 mm 777 200
1 mm 777 204
1 mm 777 207
1 mm 777 211
1 mm 777 215
1 mm 777 218
1 mm 777 220
1 mm 776 223
1 mm 775 226
1 mm 773 229
1 mm 771 232
1 mm 768 234
1 mm 765 236
1 mm 763 237
1 mm 762 237
0
1 mm 761 237
0
1 mm 760 237
0
0
1 mm 759 237
0
0
1 mm 759 236
0
1 mm 759 235
1 mm 758 234
1 mm 758 233
0
0
2 kd 115 758 232 mm 758 232
0
0
1 mm 758 231
1 ku 100 758 231
0
0
0
0
0
1 mm 758 230
0
0
0
1 mm 757 230
0
1 mm 756 230
1 mm 755 230
1 mm 754 230
1 mm 752 230
1 mm 751 230
0
1 mm 750 230
0
0
0
0
1 mm 749 230
0
1 mm 749 228
1 mm 749 226
1 mm 749 223
1 mm 749 217
1 mm 749 212
1 mm 749 207
1 mm 749 201
1 mm 749 196
1 mm 748 190
1 mm 747 184
1 mm 745 177
1 mm 745 169
1 mm 745 164
1 mm 745 161
1 mm 745 158
1 mm 745 155
1 mm 745 154
0
1 mm 745 153
0
0
0
0
0
0
0
0
1 mm 744 153
0
0
0
0
1 mm 743 153
0
1 mm 741 154
1 mm 739 154
1 mm 736 154
1 mm 732 155
1 mm 729 155
1 mm 727 156
1 mm 726 156
0
1 mm 726 157
0
1 mm 725 158
1 mm 724 160
1 mm 724 164
1 mm 724 169
1 mm 724 173
1 mm 724 178
1 mm 725 181
0
1 mm 726 183
1 mm 726 184
0
1 mm 727 184
1 mm 727 183
1 mm 728 183
1 mm 728 181
0
0
0
2 mb 1 1 728 181 md 728 180
0
0
0
0
0
1 md 728 179
0
0
1 mb 1 0 728 179
1 mm 729 179
0
0
0
0
0
0
0
0
0
0
0
0
0
0
1 mm 729 178
1 mm 730 176
1 mm 731 175
1 mm 731 171
1 mm 733 168
1 mm 733 165
2 ku 115 734 160 mm 734 160
1 mm 734 159
1 mm 734 156
1 mm 734 150
1 mm 734 140
1 mm 734 125
1 mm 731 106
1 mm 728 88
2 kd 119 725 73 mm 725 73
1 mm 723 61
1 mm 722 51
1 mm 721 44
1 mm 721 40
1 mm 721 37
1 mm 720 34
1 mm 720 32
1 mm 720 31
0
0
0
0
0
0
0
1 mm 721 31
1 mm 722 33
1 mm 722 35
1 mm 723 39
1 mm 724 44
1 mm 725 53
1 mm 727 62
1 mm 728 68
1 mm 729 70
1 mm 729 71
0
0
0
0
0
0
0
1 mm 730 71
0
1 mm 730 72
1 mm 732 72
1 mm 732 73
1 mm 733 74
1 mm 733 75
1 mm 733 79
1 mm 733 83
1 mm 733 87
1 mm 732 91
1 mm 731 93
0
1 mm 729 95
0
0
1 mm 728 95
0
0
0
1 mm 728 96
1 mm 727 96
0
1 mm 727 97
0
1 mm 727 98
1 mm 727 99
1 mm 725 99
1 mm 725 100
0
1 mm 725 101
1 mm 725 102
1 mm 724 104
1 mm 724 105
0
1 mm 724 106
0
0
0
1 mm 722 106
0
0
0
1 mb 1 1 722 106
0
1 md 722 107
0
0
0
1 kd 100 722 107
0
0
0
0
1 md 721 107
0
0
1 md 721 109
1 md 719 111
1 md 715 115
1 md 708 121
2 mb 1 0 708 121 mm 699 130
1 mm 691 139
1 mm 684 149
1 mm 680 160
1 mm 679 167
1 mm 679 171
2 ku 119 679 174 mm 679 174
0
1 mm 679 176
0
0
0
0
1 mm 680 175
1 mm 680 173
0
1 mm 680 171
1 mm 680 170
0
0
2 mb 1 1 680 170 kd 115 680 170
0
0
0
0
1 md 681 170
1 md 682 170
0
1 md 683 170
0
1 md 684 170
0
1 md 684 171
2 ku 100 685 171 md 685 171
1 md 685 172
1 md 686 172
0
0
1 md 687 172
0
0
1 md 687 173
0
0
2 ku 115 688 173 md 688 173
0
0
0
0
0
0
1 kd 119 688 173
0
0
0
1 md 689 173
0
1 md 690 173
0
1 md 691 173
0
1 md 692 173
0
1 md 693 173
0
0
1 md 694 173
0
1 md 695 173
0
0
0
0
0
0
0
0
0
1 kd 97 695 173
0
0
0
0
1 ku 119 695 173
0
0
0
0
0
0
0
0
0
0
0
0
0
0
0
0
0
0
0
0
0
0
0
0
0
0
1 md 696 175
2 kd 115 698 177 md 698 177
1 md 699 179
1 md 701 181
1 md 702 184
1 md 703 186
1 md 704 187
0
1 md 704 188
0
1 md 704 189
1 md 704 191
1 md 704 192
1 md 704 193
2 ku 97 704 194 md 704 194
1 md 704 196
1 md 704 199
1 md 704 203
1 md 704 206
1 md 704 208
1 md 703 209
0
1 md 702 210
1 kd 100 702 210
0
0
0
0
0
1 ku 115 702 210
0
0
0
0
0
0
0
0
0
1 md 701 211
0
0
0
1 md 700 211
0
0
1 md 699 211
0
0
1 md 698 211
0
1 md 697 211
0
3 ku 100 696 211 kd 97 696 211 md 696 211
1 md 695 210
0
0
0
0
0
1 md 694 210
0
2 kd 119 693 208 md 693 208
1 md 692 208
0
1 md 692 206
1 md 690 206
0
1 md 690 204
0
0
1 md 690 203
0
0
0
0
1 mb 1 0 690 203
2 ku 119 690 203 ku 97 690 203
0
0
0
0
0
0
0
0
0
0
0
0
0
0
0
0
0
0
0
0
0
0
0
0
0
0
0
0
0
0
0
0
0
0
0
0
0
0
0
0
0
0
0
0
0
0
0
0
0
0
0
0
0
0
0
0
0
0
0
0
0
0
0
0
0
0
0
0
0
0
0
0
0
0
0
0
0
0
0
0
0
0
0
0
0
0
0
0
0
0
0
0
0
0
0
0
0
0
0
0
0
0
0
0
0
0
0
0
0
0
0
0
0
0
0
0
0
0
0
0
0
0
0
0
0
0
0
0
0
0
0
0
0
0
0
0
0
0
0
0
0
0
0
0
0
0
0
0
0
0
0
0
0
0
0
0
0
0
0
0
0
0
0
0
0
0
0
0
0
0
0
0
0
0
0
0
0
0
0
0
0
0
0
0
0
0
0
0
0
0
0
0
0
0
0
0
0
0
0
0
0
0
0
0
0
0
0
0
0
0
0
0
0
0
0
0
0
0
0
0
0
0
0
0
0
0
0
0
0
0
0
0
0
0
0
0
0
0
0
0
0
0
0
0
0
0
0
0
0
0
0
0
0
0
0
0
0
0
0
0
0
0
0
0
0
0
0
0
0
0
0
0
0
0
0
0
0
0
0
0
0
0
0
0
0
0
0
0
0
0
0
0
0
0
0
0
0
0
0
0
0
0
0
0
0
0
0
0
0
0
0
0
0
0
0
0
0
0
0
0
0
0
0
0
0
0
0
0
0
0
0
0
0
0
0
0
0
0
0
0
0
0
0
0
0
0
0
0
0
0
0
0
0
0
0
0
0
0
0
0
0
0
0
0
0
0
0
0
0
0
0
0
0
0
0
0
0
0
0
0
0
0
0
0
0
0
0
0
0
0
0
0
0
0
0
0
0
0
0
0
0
0
0
1 kd 27 690 203
0
0
0
0
0
0
0
0
0
1 ku 27 690 203
0
0
0
0
0
0
0
0
0
0
0
0
0
0
0
0
0
0
0
0
0
0
0
0
0
0
0
0
0
0
1 sd 113 690 203
0
0
0
0
0
0
0
0
0
0
0
0
0
0
0
0
0
0
0
0
0
0
0
0
0
0
0
0
0
1 kd 37 690 203
