1299794977 seed, 60 fps, 1280x720, fullScreen=0, version13_level51_tutorial0_tutorialBookmark0_mouseSpeed1.000000_[5]powerUpRapidFire#[10]powerUpHeart#[7]powerUpSpread_levelStack3_3025385493_3451724343_720135969 7B7B0108B286C0DA5B02F778424144405C7A0E64
4 mm 341 129 mm 342 130 mm 640 360 mm 1088 567
0
0
0
0
0
0
0
0
0
0
0
0
0
0
0
2 kd 119 1088 567 mm 1089 567
1 mm 1090 566
1 mm 1096 557
1 mm 1104 543
1 mm 1113 526
1 mm 1123 509
1 mm 1131 497
1 mm 1137 489
1 mm 1141 484
1 mm 1145 477
1 mm 1163 459
1 mm 1165 458
1 mm 1166 458
1 mm 1166 457
0
0
1 mm 1167 457
0
0
0
0
0
0
0
0
0
1 mm 1167 458
1 mm 1167 459
0
1 mm 1167 460
0
0
1 mm 1167 461
0
0
0
0
0
0
0
0
1 mm 1168 461
0
1 mm 1168 462
1 mm 1169 462
1 mm 1170 462
1 mm 1171 462
1 mm 1173 464
1 mm 1177 465
1 mm 1180 467
1 mm 1183 467
1 mm 1187 468
1 mm 1190 470
1 mm 1193 470
1 mm 1194 470
2 kd 100 1198 470 mm 1198 470
1 mm 1198 468
1 mm 1198 467
0
1 mm 1198 466
0
0
0
1 mm 1198 465
0
0
0
0
0
0
0
0
1 ku 100 1198 465
1 mm 1197 465
1 mm 1196 465
0
0
0
0
0
1 kd 100 1196 465
0
0
1 ku 119 1196 465
1 mm 1195 465
1 mm 1193 463
0
0
0
0
1 mm 1192 462
1 mm 1191 462
0
0
0
0
0
0
1 mm 1190 462
1 mm 1190 461
1 mm 1189 461
1 mm 1188 459
0
1 mm 1187 459
0
0
0
0
0
0
0
0
0
0
0
0
1 kd 115 1187 459
0
0
0
0
0
0
0
0
0
0
5 ku 115 1170 451 kd 119 1170 451 ku 100 1170 451 mb 1 1 1187 459 md 1170 451
0
0
0
1 md 1169 451
1 md 1168 451
1 md 1167 451
1 md 1166 451
1 md 1165 451
1 md 1164 451
1 md 1163 452
0
0
0
0
0
1 md 1163 453
0
1 ku 119 1163 453
0
1 md 1163 454
1 kd 115 1163 454
0
0
1 md 1163 455
0
1 md 1163 456
1 md 1162 456
1 md 1162 457
2 kd 97 1161 457 md 1161 457
2 mb 1 0 1161 457 ku 115 1161 457
1 mm 1160 457
0
0
0
0
0
1 mm 1159 457
0
1 mm 1158 457
0
0
0
0
0
1 mb 1 1 1158 457
0
0
0
1 md 1132 468
1 md 1129 468
1 md 1124 469
1 md 1121 470
0
0
0
1 md 1120 471
0
0
1 md 1122 470
2 kd 119 1125 469 md 1125 469
1 md 1126 468
1 md 1128 468
0
0
1 md 1129 468
0
1 md 1130 468
0
0
0
1 md 1130 469
1 md 1130 470
0
1 md 1129 471
1 ku 119 1129 471
0
1 md 1129 472
0
0
1 md 1129 473
0
1 md 1129 474
2 kd 115 1129 475 md 1129 475
1 md 1129 476
2 ku 97 1129 477 md 1129 477
1 md 1128 478
1 md 1126 478
1 md 1125 479
1 md 1122 481
1 md 1119 482
1 md 1113 485
1 md 1106 487
2 kd 100 1098 492 md 1098 492
1 md 1094 495
1 md 1092 497
1 md 1090 500
1 md 1089 501
3 ku 115 1089 502 ku 100 1089 502 md 1089 502
1 md 1090 502
1 md 1095 505
1 md 1109 507
1 md 1125 511
1 md 1132 512
1 kd 100 1132 512
0
1 md 1130 511
1 md 1118 503
2 ku 100 1104 491 md 1104 491
1 md 1088 478
1 md 1077 474
2 kd 97 1073 473 md 1073 473
0
0
0
0
0
0
0
0
0
0
0
0
0
0
0
0
1 kd 115 1073 473
0
0
1 mb 1 0 1073 473
1 mm 1072 473
1 mm 1072 474
0
0
0
0
1 mm 1071 474
5 ku 115 836 487 kd 119 836 487 ku 97 836 487 mb 1 1 1071 474 md 836 487
1 md 832 491
1 md 822 498
2 kd 100 815 507 md 815 507
1 md 806 516
1 md 793 527
1 md 779 537
1 md 761 549
1 md 743 561
1 md 724 576
1 md 717 587
1 md 720 592
1 md 763 597
1 md 825 597
1 md 851 589
1 md 858 576
2 ku 100 858 569 md 858 569
0
0
0
1 md 857 567
2 kd 97 859 559 md 859 559
1 md 860 559
1 md 862 561
1 md 865 562
1 md 868 564
1 md 870 565
1 md 870 567
1 md 872 567
1 md 873 568
0
0
0
0
0
0
1 md 873 569
0
1 ku 119 873 569
0
0
0
0
1 md 872 569
0
1 md 872 570
1 md 872 571
1 md 872 575
2 kd 119 872 582 md 872 582
1 md 873 589
1 md 873 593
1 md 873 597
1 md 873 599
0
0
0
1 md 873 598
1 md 873 593
1 md 872 583
1 md 872 573
1 md 869 560
1 md 856 540
1 md 848 528
2 ku 97 846 527 md 846 527
0
0
0
0
0
1 md 900 523
1 md 903 522
1 md 905 522
1 md 906 520
2 kd 100 907 520 md 907 520
1 md 910 518
1 md 914 517
1 md 915 517
1 md 915 516
1 md 917 516
0
1 md 919 516
1 md 921 516
1 md 922 516
2 ku 119 923 516 md 923 516
1 md 924 516
1 md 926 515
1 md 931 513
2 kd 115 939 509 md 939 509
1 md 948 504
1 md 951 501
1 md 955 489
0
0
0
0
1 md 952 489
1 md 943 489
1 md 929 494
1 md 919 502
1 md 915 505
1 md 915 507
1 md 915 509
1 ku 100 915 509
1 md 916 510
1 md 916 512
1 md 917 514
1 md 917 515
2 kd 97 917 517 md 917 517
0
0
1 md 917 518
3 ku 115 858 552 kd 115 858 552 md 858 552
1 md 856 555
1 md 853 561
1 md 852 566
1 md 852 568
1 md 852 570
1 md 855 570
1 md 858 571
2 ku 97 865 571 md 865 571
1 md 877 568
1 md 890 561
1 md 901 550
1 md 912 539
1 md 924 525
1 md 936 514
1 md 942 506
1 md 946 501
1 md 951 496
1 md 956 491
1 md 962 488
1 md 969 486
1 md 978 486
1 md 1033 521
1 md 1033 523
1 md 1033 529
1 md 1033 534
1 md 1033 537
1 md 1031 538
1 md 1025 541
1 md 1009 546
1 md 983 552
1 md 948 560
2 kd 97 915 565 md 915 565
1 md 893 566
1 md 876 565
1 md 863 557
1 md 845 544
1 md 835 539
1 md 833 539
1 md 832 539
1 md 831 539
1 md 830 539
1 md 828 539
1 md 810 546
1 md 810 547
1 md 810 548
1 md 811 548
1 md 811 550
1 md 813 551
1 md 813 554
1 md 813 556
0
1 md 812 556
1 md 811 556
1 md 809 556
1 md 807 556
1 md 807 555
1 md 807 553
1 md 807 550
1 md 807 549
1 md 806 549
1 md 806 546
1 md 805 544
1 md 804 542
2 ku 115 810 527 md 810 527
1 md 812 524
1 md 814 522
1 md 815 520
1 md 816 520
1 md 817 518
0
0
0
1 md 818 518
1 md 818 517
1 md 820 515
1 md 820 514
1 md 822 514
1 md 822 513
1 md 824 512
1 md 824 511
0
0
0
0
0
0
0
0
0
0
0
0
1 md 825 511
1 md 825 509
1 md 825 508
1 md 826 507
0
0
0
0
1 md 827 507
1 kd 100 827 507
1 md 828 507
0
2 ku 97 828 508 md 828 508
1 md 829 509
1 md 829 510
0
1 md 830 511
2 kd 115 830 512 md 830 512
0
0
0
2 ku 115 830 513 md 830 513
1 md 828 519
0
0
0
0
1 md 828 520
0
1 md 829 521
1 md 831 521
1 md 833 523
1 md 835 524
1 md 836 526
1 md 840 530
1 md 846 533
1 md 854 537
1 md 860 539
1 md 865 540
1 md 871 542
1 md 880 544
1 md 889 544
1 md 895 544
0
0
0
0
0
0
1 kd 115 895 544
0
0
0
0
0
0
0
0
0
0
0
1 ku 115 895 544
0
0
0
0
0
0
0
0
2 kd 97 895 544 ku 100 895 544
0
1 mb 1 0 895 544
0
0
0
0
0
0
0
0
0
0
0
0
0
0
0
0
0
0
0
0
0
0
1 ku 97 895 544
0
0
0
0
0
0
0
2 kd 27 895 544 ku 27 895 544
0
0
0
0
0
0
0
0
0
0
0
0
0
0
0
0
0
1 sd 113 895 544
0
0
0
0
0
0
0
0
0
0
0
0
0
1 kd 37 895 544
