1299795091 seed, 60 fps, 1280x720, fullScreen=0, version13_level48_tutorial0_tutorialBookmark0_mouseSpeed1.000000_[5]powerUpBulletSize#[10]powerUpHeatSeek#[7]powerUpBulletDistance_levelStack3_3025385494_3451724343_720135969 546226759F2C84216C2FFC12C457F9752B77C564
4 mm 342 157 mm 640 360 kd 97 974 593 mm 974 593
1 mm 973 595
0
1 mm 971 595
1 mm 970 595
1 mm 969 595
1 mm 969 596
1 mm 967 596
1 mm 966 596
1 mm 965 596
0
1 mm 964 596
1 mm 963 597
1 mm 962 598
1 mm 961 598
1 mm 960 599
1 mm 951 601
1 mm 942 603
1 mm 936 606
1 mm 933 608
1 mm 930 611
1 mm 928 613
1 mm 924 616
1 mm 920 619
1 mm 918 621
1 mm 916 621
1 mm 907 616
1 mm 892 606
1 mm 881 597
1 mm 873 590
1 mm 867 585
1 mm 864 582
1 mm 863 582
1 mm 862 581
1 mm 860 579
1 mm 854 576
1 mm 846 573
1 mm 836 570
1 mm 821 563
1 mm 803 558
1 mm 786 555
1 mm 773 553
1 mm 768 553
1 mm 765 555
1 mm 763 556
1 mm 759 558
1 mm 758 559
0
1 mm 758 560
1 mm 758 561
1 mm 760 562
1 mm 764 565
1 mm 765 568
1 mm 765 572
1 mm 765 573
0
0
0
0
1 mm 766 575
1 mm 773 580
2 mb 1 1 773 580 md 775 581
1 md 778 583
1 md 785 589
2 ku 97 798 603 md 798 603
2 kd 100 802 613 md 802 613
1 md 804 617
1 md 805 617
1 ku 100 805 617
0
0
0
0
1 kd 119 805 617
0
1 md 805 615
1 md 804 615
1 md 803 613
1 md 801 611
1 md 800 611
0
1 md 800 610
1 md 799 608
0
0
1 md 798 607
1 md 798 605
1 md 798 604
1 md 801 602
1 md 801 601
0
0
1 md 802 599
1 md 802 597
1 md 802 595
1 md 802 594
0
0
0
1 md 804 594
1 md 805 592
1 md 806 584
1 md 805 575
1 md 804 573
1 md 804 572
1 md 804 571
1 md 804 569
1 md 804 565
1 md 807 556
1 md 809 548
1 md 809 545
1 md 809 542
0
0
1 md 809 541
1 md 809 539
1 md 809 538
2 ku 119 809 537 md 809 537
0
0
0
0
1 kd 119 809 537
1 md 809 536
1 md 810 536
1 md 810 535
1 md 810 533
1 md 810 531
1 md 810 529
1 md 810 528
2 mb 1 0 810 528 mm 810 527
0
0
0
0
0
2 kd 100 810 538 mm 810 538
1 mm 817 575
2 ku 119 832 614 mm 832 614
1 mm 843 638
1 mm 844 640
3 ku 100 844 642 kd 115 844 642 mm 844 642
2 mb 1 1 844 642 md 844 644
1 md 847 653
1 md 852 665
1 md 858 675
1 md 861 676
0
2 kd 100 863 669 md 863 669
1 md 865 663
1 md 867 651
1 md 867 639
1 md 869 630
1 md 870 625
1 md 870 623
1 md 871 621
1 md 872 619
1 md 872 615
1 md 872 613
2 ku 115 873 609 md 873 609
1 md 874 608
0
0
0
0
0
0
0
1 md 875 608
1 kd 115 875 608
0
1 md 875 607
1 md 875 606
1 md 875 605
2 ku 100 875 603 md 875 603
1 md 875 602
1 md 875 600
1 md 875 599
1 md 876 597
1 md 877 595
1 md 877 591
1 md 877 589
0
0
0
0
0
0
0
0
0
0
1 md 877 592
1 md 877 593
0
0
0
0
0
0
0
0
1 kd 97 877 593
1 md 878 593
1 md 880 593
1 md 881 593
1 md 882 593
0
2 ku 97 883 593 md 883 593
1 md 884 593
1 md 885 593
1 md 886 593
1 md 887 593
1 md 888 593
1 md 890 593
1 md 895 596
1 md 899 600
1 md 901 601
1 md 903 601
0
0
1 md 904 601
0
1 md 905 601
0
0
1 md 906 601
1 md 910 601
1 md 919 602
1 md 922 603
2 kd 97 923 604 md 923 604
1 md 923 607
1 md 918 618
1 md 907 633
1 md 903 635
1 md 902 637
0
0
2 ku 97 902 637 kd 100 902 637
1 md 902 638
2 ku 115 903 639 md 903 639
1 md 904 641
1 md 905 643
1 md 906 646
1 md 906 649
1 md 906 658
1 md 906 672
1 md 909 686
1 md 914 692
1 md 918 696
1 md 925 698
1 md 936 699
1 md 949 699
1 md 954 697
1 md 957 693
1 md 962 677
2 kd 119 963 661 md 963 661
1 md 964 650
1 md 961 632
1 md 958 615
1 md 956 605
1 md 953 601
1 md 950 597
1 md 944 593
1 md 942 592
1 md 940 591
1 md 938 590
2 ku 100 936 590 md 936 590
1 md 921 592
1 md 909 600
1 md 904 608
1 md 900 617
1 md 899 619
0
1 md 899 621
0
0
0
1 md 899 620
1 md 900 614
1 md 902 604
1 md 905 594
1 md 904 585
1 md 899 575
1 md 897 570
1 md 896 568
1 md 896 564
1 md 895 562
1 md 895 560
1 md 894 555
1 md 891 549
1 md 887 543
1 md 884 539
1 kd 97 884 539
1 md 882 539
1 md 881 539
1 md 879 543
1 md 878 544
1 md 877 549
1 md 876 553
1 md 873 559
1 md 873 561
0
0
0
1 md 872 561
0
0
0
0
0
0
0
0
0
1 md 869 561
1 md 860 561
1 md 850 559
1 md 837 555
1 md 822 551
1 md 813 548
1 md 812 548
0
0
0
0
2 ku 119 811 547 md 811 547
1 md 813 541
2 kd 119 828 519 md 828 519
1 md 835 511
1 md 839 509
1 md 840 508
1 md 841 508
0
0
0
1 md 842 508
0
0
0
1 md 839 510
2 ku 119 836 510 md 836 510
1 md 835 511
1 md 834 511
0
1 md 833 511
1 md 832 511
0
1 kd 115 832 511
0
1 md 832 513
1 md 833 514
1 md 833 515
0
1 md 833 514
1 md 831 508
1 md 829 502
1 md 830 497
2 ku 115 833 487 md 833 487
1 md 833 486
0
0
0
0
2 kd 115 830 485 md 830 485
1 md 824 483
1 md 820 483
1 md 819 481
1 md 817 481
1 md 816 481
1 md 814 480
0
0
0
0
0
0
0
1 kd 100 814 480
1 ku 115 814 480
0
0
0
1 md 813 480
1 ku 100 813 480
1 kd 119 813 480
0
0
0
2 ku 97 814 474 md 814 474
1 md 816 474
0
1 md 818 473
1 md 820 473
1 md 822 473
1 md 822 472
2 kd 100 825 472 md 825 472
1 md 835 471
1 md 848 470
1 md 857 469
1 md 862 467
1 md 867 464
1 md 868 461
1 md 869 460
1 md 870 457
1 md 870 456
1 md 870 453
1 md 862 449
1 md 853 447
1 md 842 446
1 md 841 446
0
0
0
0
0
0
0
1 md 840 446
1 md 839 446
1 md 838 446
1 md 837 446
0
3 ku 100 836 447 kd 97 836 447 md 836 447
1 md 835 447
1 md 834 448
0
1 md 834 449
1 md 833 450
1 md 832 451
1 md 831 452
1 md 830 453
1 md 829 454
0
2 ku 119 828 455 md 828 455
0
1 md 828 456
0
0
0
0
1 md 828 457
1 kd 115 828 457
0
0
0
0
0
0
0
0
0
0
0
1 mb 1 0 828 457
1 mm 828 458
1 mm 828 459
2 ku 115 828 459 ku 97 828 459
0
0
1 mm 829 459
0
0
0
0
0
0
0
0
0
0
0
0
0
0
0
1 kd 27 829 459
0
0
1 ku 27 829 459
0
0
0
0
0
0
0
0
0
0
0
0
1 sd 113 829 459
0
0
2 sd 4 829 459 kd 37 829 459
