1299795173 seed, 60 fps, 1280x720, fullScreen=0, version13_level62_tutorial0_tutorialBookmark0_mouseSpeed1.000000_[6]powerUpRapidFire#[10]powerUpExplode#[1]powerUpCornering_levelStack3_3025385499_3451724343_720135969 FB2F99B239EA86791F2CEAC7970859FDE3F1BB57
3 mm 370 180 mm 640 360 mm 1023 600
2 kd 100 1060 600 mm 1060 600
1 mm 1067 600
1 mm 1082 594
1 mm 1090 591
1 mm 1096 589
1 mm 1101 587
1 mm 1104 585
1 mm 1108 584
0
1 mm 1109 583
0
1 mm 1111 583
1 mm 1119 580
1 mm 1128 578
1 mm 1138 574
1 mm 1152 570
1 mm 1169 564
1 mm 1186 556
1 mm 1203 547
1 mm 1215 538
1 mm 1225 530
1 mm 1232 524
1 mm 1239 519
1 mm 1246 516
1 mm 1253 514
1 mm 1255 514
0
1 mm 1256 514
1 mm 1256 516
1 mm 1256 518
0
0
0
0
0
0
0
0
0
0
0
0
0
1 mm 1256 519
1 mm 1255 519
1 mm 1253 520
1 mm 1251 521
1 mm 1250 521
2 kd 119 1248 523 mm 1248 523
1 mm 1246 523
0
1 mm 1245 523
0
0
0
0
1 mm 1244 523
1 mm 1243 523
1 mm 1242 524
1 mm 1238 524
1 mm 1235 524
1 mm 1234 525
1 mm 1233 525
1 mm 1231 526
1 mm 1230 526
1 mm 1229 527
0
1 mm 1228 528
1 mm 1227 528
1 mm 1225 529
1 mm 1222 530
1 mm 1218 531
1 mm 1212 531
1 mm 1205 531
1 mm 1201 531
1 mm 1199 531
1 mm 1195 531
1 mm 1185 531
1 mm 1175 534
1 mm 1167 539
1 mm 1162 545
1 mm 1156 552
1 mm 1155 554
0
1 mm 1153 555
1 mm 1152 555
1 mm 1151 554
1 mm 1151 553
1 mm 1151 552
0
1 mb 1 1 1151 552
1 ku 119 1151 552
0
0
2 ku 100 1149 549 md 1149 549
1 md 1139 538
1 md 1126 527
1 md 1120 520
2 kd 97 1118 519 md 1118 519
1 md 1118 518
1 md 1117 517
1 md 1116 517
1 md 1114 517
1 md 1113 517
0
0
1 md 1112 517
0
1 kd 115 1112 517
0
0
0
0
1 ku 97 1112 517
0
0
1 md 1112 518
1 md 1112 519
0
0
0
0
0
0
0
0
1 kd 100 1112 519
0
0
1 ku 115 1112 519
1 md 1112 520
1 md 1112 521
1 md 1112 522
0
1 md 1113 523
0
0
1 md 1113 524
0
1 md 1113 525
0
1 md 1115 526
1 md 1115 529
1 md 1116 530
1 md 1117 530
0
1 kd 115 1117 530
0
1 md 1118 529
1 md 1118 528
1 md 1121 524
1 md 1122 522
0
1 md 1123 522
0
1 md 1124 522
0
1 md 1126 522
1 md 1129 525
1 md 1134 530
1 md 1138 535
1 md 1141 539
1 md 1143 540
1 md 1144 542
1 md 1145 545
2 ku 100 1148 552 md 1148 552
1 md 1149 557
1 md 1150 560
1 md 1152 561
0
0
1 md 1151 561
0
0
0
0
0
1 md 1152 561
1 md 1154 563
0
1 md 1156 565
1 kd 100 1156 565
0
1 md 1156 566
1 ku 115 1156 566
1 md 1156 567
1 md 1155 567
1 ku 100 1155 567
1 md 1155 568
1 md 1155 569
3 kd 119 1155 570 kd 100 1155 570 md 1155 570
0
0
1 md 1155 571
1 md 1157 572
1 md 1158 574
2 ku 119 1161 574 md 1161 574
1 md 1164 574
1 md 1167 571
1 md 1173 560
1 md 1174 555
0
0
1 md 1174 554
0
0
0
0
0
0
0
0
0
0
0
0
0
1 md 1172 554
1 md 1170 554
1 md 1169 554
1 md 1168 554
1 md 1167 554
1 md 1166 554
1 md 1166 553
1 md 1166 552
1 md 1166 551
1 kd 119 1166 551
1 md 1167 550
1 md 1170 550
1 md 1173 548
1 md 1178 546
1 md 1185 541
2 ku 100 1187 540 md 1187 540
1 md 1187 538
1 md 1187 537
1 md 1187 535
2 ku 119 1189 535 md 1189 535
1 md 1192 535
1 md 1195 535
2 kd 97 1200 535 md 1200 535
1 md 1206 533
1 md 1210 531
1 md 1213 530
1 md 1215 528
1 md 1216 528
1 md 1216 527
0
1 kd 119 1216 527
0
1 md 1218 527
1 md 1222 527
1 md 1225 527
1 md 1228 523
1 md 1230 522
1 md 1230 521
2 ku 119 1231 520 md 1231 520
1 kd 119 1231 520
0
0
0
0
0
0
0
0
0
0
0
1 md 1230 520
1 md 1230 519
0
0
1 md 1228 518
2 ku 97 1227 518 md 1227 518
0
1 md 1225 518
1 md 1223 518
1 md 1222 518
1 kd 100 1222 518
0
0
1 md 1223 523
1 md 1229 530
1 md 1231 532
1 ku 119 1231 532
1 ku 100 1231 532
0
0
0
0
0
1 md 1230 532
2 kd 97 1229 532 md 1229 532
0
0
0
2 kd 115 1229 532 ku 97 1229 532
0
1 md 1229 533
2 kd 100 1229 534 md 1229 534
1 md 1229 535
1 md 1230 535
1 md 1231 536
1 md 1232 538
0
0
1 ku 100 1232 538
0
0
1 kd 97 1232 538
1 ku 115 1232 538
0
1 md 1231 538
0
0
1 md 1231 539
0
0
0
1 md 1230 539
1 kd 115 1230 539
0
0
1 ku 97 1230 539
1 kd 100 1230 539
0
0
0
1 ku 115 1230 539
0
1 kd 97 1230 539
0
0
1 ku 100 1230 539
1 md 1229 539
0
0
0
1 md 1227 540
1 md 1223 541
1 md 1217 542
2 kd 119 1213 543 md 1213 543
1 md 1209 544
1 md 1208 544
1 md 1207 544
1 md 1206 545
1 md 1206 547
2 ku 97 1206 549 md 1206 549
1 md 1206 552
1 md 1206 554
1 md 1209 557
1 md 1210 559
1 md 1211 559
1 md 1212 560
0
1 kd 100 1212 560
0
0
0
1 ku 119 1212 560
0
0
1 ku 100 1212 560
1 kd 115 1212 560
0
1 ku 115 1212 560
1 kd 97 1212 560
0
0
0
0
0
0
0
1 kd 119 1212 560
1 md 1211 560
1 md 1211 559
1 md 1211 558
1 md 1211 557
1 md 1211 555
2 ku 97 1211 554 md 1211 554
1 md 1211 552
1 md 1211 551
0
0
0
1 md 1211 550
1 md 1210 549
1 md 1210 546
1 md 1207 541
1 md 1202 536
1 md 1198 533
0
0
1 md 1197 534
1 md 1196 536
1 md 1196 538
1 md 1195 539
1 md 1195 540
2 ku 119 1195 540 kd 97 1195 540
0
0
0
1 kd 115 1195 540
0
0
0
0
1 md 1195 541
0
1 md 1195 542
1 md 1196 544
1 md 1197 546
1 md 1200 550
1 md 1203 555
1 md 1206 560
2 kd 100 1209 566 md 1209 566
2 ku 97 1210 570 md 1210 570
1 md 1210 571
1 md 1210 572
1 ku 100 1210 572
0
1 md 1207 572
1 md 1203 572
1 md 1199 573
2 kd 97 1197 573 md 1197 573
1 md 1196 574
1 md 1195 574
1 md 1194 575
1 md 1194 576
1 md 1194 579
1 md 1195 584
1 md 1196 586
2 ku 97 1197 587 md 1197 587
1 kd 100 1197 587
0
0
0
0
1 ku 100 1197 587
1 kd 97 1197 587
1 md 1198 587
0
0
0
1 md 1198 588
1 md 1199 588
1 md 1199 589
0
0
1 md 1198 590
1 md 1197 590
1 md 1196 590
1 md 1195 590
0
0
1 ku 97 1195 590
0
0
1 md 1194 590
1 md 1192 590
1 md 1187 592
1 md 1180 593
1 md 1172 595
1 md 1165 595
1 md 1159 596
1 md 1156 596
1 md 1155 597
0
1 kd 97 1155 597
0
0
0
1 ku 115 1155 597
0
1 md 1156 597
1 md 1157 597
1 md 1159 597
2 kd 100 1161 597 md 1161 597
1 md 1161 599
2 ku 97 1162 599 md 1162 599
0
0
2 kd 115 1163 599 md 1163 599
0
0
0
1 ku 100 1163 599
0
0
0
0
0
0
0
0
0
0
1 kd 100 1163 599
0
0
1 md 1163 600
0
1 md 1164 601
0
1 ku 100 1164 601
0
1 md 1165 601
0
0
1 md 1165 602
0
0
0
0
2 kd 97 1164 602 md 1164 602
0
1 md 1163 602
1 md 1162 602
2 ku 115 1160 602 md 1160 602
1 md 1158 602
1 md 1157 602
1 md 1155 601
2 kd 119 1154 601 md 1154 601
1 md 1153 601
0
1 md 1153 600
1 md 1151 600
0
0
0
0
1 md 1151 599
1 md 1151 597
1 md 1151 596
2 ku 97 1151 594 md 1151 594
0
1 md 1153 594
1 md 1156 594
1 md 1158 594
1 md 1164 597
1 md 1171 599
1 md 1174 600
0
1 md 1175 600
1 md 1176 600
1 md 1177 600
0
1 md 1177 601
1 md 1178 602
0
1 md 1178 604
1 md 1178 605
1 md 1176 605
1 md 1175 606
1 md 1174 606
1 md 1173 606
0
0
0
0
0
0
1 md 1173 607
0
0
0
0
0
0
0
1 md 1172 607
2 ku 119 1172 609 md 1172 609
0
2 kd 119 1172 610 md 1172 610
0
1 ku 119 1172 610
1 md 1171 610
0
1 kd 97 1171 610
0
0
1 md 1171 611
1 md 1171 612
1 md 1170 612
1 md 1170 614
1 md 1170 615
1 md 1170 617
2 kd 115 1170 618 md 1170 618
1 ku 97 1170 618
0
0
0
0
0
1 md 1170 619
1 ku 115 1170 619
0
1 mb 1 0 1170 619
0
0
0
0
0
0
1 kd 27 1170 619
0
0
0
1 ku 27 1170 619
0
0
0
0
0
0
0
0
1 sd 113 1170 619
0
0
0
0
0
0
0
0
0
0
0
0
1 kd 37 1170 619
