1299794814 seed, 60 fps, 1280x720, fullScreen=0, version13_level35_tutorial0_tutorialBookmark0_mouseSpeed1.000000_[5]powerUpRapidFire#[10]powerUpBulletDistance#[5]powerUpBounce_levelStack3_3025385490_3451724343_720135969 23C39AD0C3BD4A2D4BAA9CDDD846487E96443EE0
3 mm 307 131 mm 640 360 mm 975 584
0
0
0
0
0
0
0
0
0
0
0
0
0
0
0
0
0
0
0
0
3 kd 97 977 585 mm 977 585 mm 979 587
0
1 mm 987 606
1 mm 1013 628
1 mm 1058 633
1 mm 1085 630
1 mm 1114 624
1 mm 1140 614
1 mm 1162 603
1 mm 1175 594
1 mm 1179 586
1 mm 1179 582
1 mm 1179 580
1 mm 1179 578
1 mm 1179 576
1 mm 1175 572
1 mm 1166 566
1 mm 1151 556
1 mm 1132 550
1 mm 1113 545
1 mm 1092 543
1 mm 1077 543
1 mm 1060 546
1 mm 1040 549
1 mm 1021 556
1 mm 1004 563
1 mm 984 574
1 mm 965 584
1 mm 947 593
1 mm 931 604
1 mm 915 613
1 mm 896 623
1 mm 879 632
1 mm 865 640
1 mm 856 646
1 mm 850 650
1 mm 846 652
1 mm 845 653
1 mm 843 654
0
1 mm 841 654
0
1 mm 840 654
0
1 mm 839 654
0
0
0
1 mm 839 653
1 mm 839 652
1 mm 839 648
1 mm 839 646
1 mm 841 643
1 mm 842 641
1 mm 844 637
1 mm 848 633
1 mm 854 625
1 mm 862 616
1 mm 876 605
1 mm 888 596
1 mm 897 590
1 mm 906 583
1 mm 909 580
1 mm 911 578
1 mm 913 576
0
1 mm 915 576
0
0
0
0
0
0
1 mm 916 576
1 mm 917 576
1 mm 918 576
1 mm 919 576
1 mm 921 576
1 mm 924 577
2 kd 115 928 578 mm 928 578
1 mm 930 580
1 mm 932 580
1 mm 935 582
1 mm 937 582
1 mm 939 583
1 mm 940 584
1 mm 941 585
1 mm 944 586
1 mm 947 587
2 ku 97 952 589 mm 952 589
1 mm 960 592
1 mm 971 595
1 mm 984 598
1 mm 1000 603
1 mm 1017 607
1 mm 1033 611
1 mm 1047 614
1 mm 1063 618
1 mm 1080 621
1 mm 1096 625
1 mm 1110 629
1 mm 1124 634
2 kd 100 1135 638 mm 1135 638
1 mm 1143 641
1 mm 1148 643
1 mm 1152 645
1 mm 1154 648
1 mm 1156 650
1 mm 1157 651
1 mm 1157 652
1 mm 1158 653
0
1 mm 1158 655
0
1 mm 1159 657
1 mm 1159 658
0
0
0
1 mm 1158 658
1 mm 1157 659
1 mm 1156 659
0
0
1 mm 1155 659
1 mm 1152 659
1 mm 1147 660
1 mm 1139 662
1 mm 1133 663
1 mm 1129 663
1 mm 1127 664
0
0
0
0
0
1 mm 1126 664
0
1 mm 1125 664
0
1 mm 1125 665
1 mm 1124 665
0
1 mm 1123 665
1 mm 1122 666
1 mm 1122 667
1 mm 1121 667
0
1 mm 1120 667
1 mm 1120 668
0
1 mm 1118 668
0
1 mm 1117 668
1 mm 1116 668
0
1 mm 1114 667
1 mm 1113 666
1 mm 1113 664
1 mm 1111 662
1 mm 1108 659
1 mm 1106 656
1 mm 1104 653
1 mm 1100 651
1 mm 1099 650
1 mm 1098 649
1 mm 1097 648
1 mm 1097 647
1 mm 1096 647
1 mm 1095 646
0
1 mm 1094 646
1 mm 1093 646
1 mm 1092 646
1 mm 1090 646
1 mm 1089 646
1 mm 1088 646
1 mm 1087 646
0
1 mm 1086 645
0
1 mm 1085 645
2 ku 100 1084 644 mm 1084 644
1 mm 1083 644
1 mm 1082 644
1 mm 1082 643
1 mm 1081 643
0
0
1 mm 1081 644
1 mm 1081 650
1 mm 1081 659
1 mm 1081 674
1 mm 1079 693
1 mm 1076 712
2 mm 1073 719 mm 640 360
1 mm 638 373
1 mm 635 386
1 mm 632 397
1 mm 630 409
1 mm 630 419
1 mm 631 428
1 mm 633 433
1 mm 634 434
1 mm 635 435
0
0
0
0
0
1 mm 634 435
0
0
0
1 mm 634 434
1 mm 634 429
1 mm 637 422
1 mm 641 414
1 mm 646 405
1 mm 650 400
1 mm 650 399
1 mm 651 399
0
0
0
0
0
0
0
0
0
1 mm 652 399
1 mm 653 398
1 mm 658 394
1 mm 663 388
1 mm 670 380
1 mm 676 371
1 mm 682 359
1 mm 689 346
1 mm 694 335
1 mm 701 321
1 mm 710 306
1 mm 721 291
1 mm 732 278
1 mm 741 267
1 mm 748 260
1 mm 752 255
2 kd 100 756 251 mm 756 251
1 mm 758 248
1 mm 760 244
1 mm 762 238
1 mm 763 232
1 mm 763 225
1 mm 763 217
1 mm 763 208
1 mm 763 198
1 mm 763 190
1 mm 763 184
1 mm 763 180
1 mm 763 178
0
0
0
0
0
1 mm 762 179
1 mm 760 182
1 mm 757 187
1 mm 752 192
1 mm 746 200
2 ku 100 738 207 mm 738 207
2 ku 115 726 219 mm 726 219
1 mm 712 231
1 mm 699 245
1 mm 686 258
1 mm 676 269
1 mm 668 280
1 mm 663 288
1 mm 663 293
1 mm 663 295
1 mm 665 296
1 mm 666 296
1 mm 670 296
1 mm 674 295
0
1 mm 676 295
1 mm 677 293
1 mm 679 289
1 mm 683 282
1 mm 689 275
1 mm 694 269
1 mm 695 268
1 mm 696 268
0
0
0
0
0
1 mm 695 268
1 mm 692 268
1 mm 691 268
1 mm 690 268
0
1 mm 688 268
1 mm 687 268
1 mm 686 268
1 mm 683 267
1 mm 681 266
1 mm 677 264
1 mm 673 260
1 mm 668 257
1 mm 661 252
1 mm 658 250
1 mm 650 246
2 kd 97 641 241 mm 641 241
2 kd 119 634 238 mm 634 238
2 ku 97 628 234 mm 628 234
1 mm 622 231
1 mm 609 224
1 mm 600 219
1 mm 587 212
1 mm 575 205
1 mm 567 200
1 mm 561 196
1 mm 558 193
1 mm 558 192
1 mm 557 192
1 mm 557 190
0
0
0
0
0
1 ku 119 557 190
1 kd 119 557 190
0
0
0
0
1 mm 557 191
1 mm 557 192
2 ku 119 559 196 mm 559 196
2 kd 97 561 203 mm 561 203
1 mm 564 209
1 mm 566 211
0
0
0
0
0
1 mm 566 210
1 mm 564 208
1 mm 561 205
1 mm 560 203
1 mm 559 202
1 mm 558 202
0
2 kd 119 558 202 ku 97 558 202
0
0
0
0
0
1 kd 100 558 202
0
0
0
1 mm 557 201
1 mm 556 201
1 mm 554 201
1 mm 548 201
1 mm 543 201
1 mm 538 200
2 ku 100 536 200 mm 536 200
0
0
0
1 mm 535 200
0
1 mm 534 201
1 mm 533 201
1 mm 533 202
1 mm 532 203
1 mm 531 204
1 mm 530 207
1 mm 530 212
1 mm 530 220
1 mm 534 232
1 mm 546 251
0
0
0
0
0
0
0
0
0
0
0
0
0
0
0
0
0
0
1 mm 543 250
1 mm 536 248
1 mm 522 244
1 mm 506 237
1 mm 494 231
1 mm 491 230
1 mm 488 227
1 mm 487 226
1 mm 487 224
1 mm 485 222
1 mm 482 220
1 mm 478 218
1 mm 474 216
1 mm 473 215
1 mm 472 214
0
0
0
0
0
1 mm 472 213
0
0
0
1 kd 97 472 213
0
0
0
0
0
1 mm 471 213
0
0
0
0
0
0
0
0
0
0
0
1 mm 470 213
0
1 mm 469 213
1 mm 468 214
1 mm 466 215
1 mm 461 218
1 mm 456 221
1 mm 451 224
1 mm 448 226
1 mm 446 228
0
1 mm 446 230
0
0
0
1 mm 446 231
0
0
0
0
0
0
0
0
0
0
0
0
0
0
0
0
0
0
0
0
1 ku 119 446 231
0
0
0
0
0
0
0
0
0
1 kd 119 446 231
0
0
0
0
0
0
0
0
0
0
0
0
0
0
0
0
1 mm 447 231
0
0
0
1 mm 448 231
0
1 ku 119 448 231
0
0
0
0
0
0
0
0
0
0
0
1 kd 119 448 231
0
0
0
0
0
0
0
0
0
0
0
0
0
0
0
0
0
0
0
0
0
0
0
0
0
0
0
0
0
0
0
0
0
0
0
0
0
1 ku 119 448 231
0
0
0
0
0
0
0
0
0
0
0
0
0
0
0
0
0
0
1 mm 449 231
1 mm 453 231
1 mm 460 232
1 mm 471 235
1 mm 484 239
1 mm 499 249
1 mm 513 261
1 mm 527 276
1 mm 546 293
1 mm 572 313
1 mm 603 332
1 mm 637 349
1 mm 664 363
1 mm 685 371
1 mm 703 378
1 mm 716 380
2 kd 115 726 381 mm 726 381
1 mm 733 381
1 mm 738 381
1 mm 740 381
1 mm 740 380
1 mm 740 379
1 mm 736 379
1 mm 729 378
1 mm 721 378
1 mm 710 377
1 mm 701 375
1 mm 691 369
2 ku 97 684 360 mm 684 360
1 mm 678 352
1 mm 675 345
1 mm 673 339
1 mm 671 330
1 mm 668 321
1 mm 665 312
1 mm 664 309
1 mm 662 308
1 mm 660 306
1 mm 660 305
0
0
1 mm 659 304
1 mm 659 303
1 mm 657 303
1 mm 657 302
0
1 mm 657 301
1 mm 657 300
1 mm 657 298
1 mm 657 296
1 mm 657 295
1 mm 656 295
1 mm 655 294
1 mm 650 293
1 mm 640 291
1 mm 627 287
1 mm 610 285
1 mm 591 283
1 mm 572 283
1 mm 556 285
2 ku 115 546 288 mm 546 288
1 mm 536 290
1 mm 529 292
1 mm 521 295
1 mm 514 298
1 mm 508 301
1 mm 502 303
1 mm 496 307
1 mm 489 310
1 mm 481 313
1 mm 474 315
1 mm 468 315
1 mm 462 315
1 mm 456 310
1 mm 452 303
1 mm 449 293
1 mm 448 282
1 mm 448 272
1 mm 448 262
2 mb 1 1 448 262 md 447 257
1 md 447 253
1 md 447 251
1 md 446 249
1 md 445 248
0
0
0
1 kd 115 445 248
1 md 445 247
1 md 446 246
1 md 456 242
1 md 466 237
1 md 478 232
1 md 487 229
1 md 493 227
1 md 497 226
1 md 499 226
1 mb 1 0 499 226
1 mm 501 225
0
1 mm 502 225
1 mm 504 227
1 mm 507 227
0
0
0
1 mb 1 1 507 227
0
0
2 ku 115 507 228 md 507 228
1 md 507 229
2 kd 97 507 231 md 507 231
1 md 506 234
1 md 506 238
1 md 506 240
2 ku 97 506 241 md 506 241
1 md 506 242
2 mb 1 0 506 242 mm 506 243
1 mm 505 247
1 mm 503 253
1 mm 501 260
1 mm 501 269
1 mm 501 274
1 mm 502 278
1 mm 502 279
1 mm 503 280
1 mm 503 282
2 kd 115 504 284 mm 504 284
1 mm 504 286
0
1 mm 504 288
0
1 mm 504 289
1 mm 504 290
0
1 mm 504 291
1 mm 504 292
1 mm 504 293
1 mm 504 295
2 kd 100 504 299 mm 504 299
1 mm 503 302
1 mm 500 307
1 mm 497 312
1 mm 496 317
1 mm 495 319
0
0
1 mm 494 319
0
3 mb 1 1 494 319 ku 100 493 319 md 493 319
0
0
0
0
1 md 493 318
0
1 mb 1 0 493 318
0
0
2 kd 97 493 317 mm 493 317
0
2 ku 115 494 317 mm 494 317
1 mm 494 316
1 mm 494 315
1 mm 494 314
0
1 mm 494 312
1 mm 494 310
1 mm 494 308
2 ku 97 494 307 mm 494 307
1 mm 493 306
1 mm 492 305
1 mm 491 304
1 mm 490 304
0
1 mm 489 304
0
1 mm 488 304
1 mm 487 305
1 mm 487 308
1 mm 487 311
1 mm 487 315
1 mm 487 320
2 kd 115 488 323 mm 488 323
1 mm 489 325
1 mm 489 326
1 mm 489 327
1 mm 491 329
1 mm 493 333
1 mm 495 338
1 mm 496 345
1 mm 499 355
1 mm 500 363
1 mm 500 368
1 mm 501 372
1 mm 502 376
1 mm 503 381
1 mm 504 385
1 mm 504 387
0
1 mm 505 388
1 kd 97 505 388
0
0
0
0
1 mm 505 387
0
1 mm 505 386
1 mm 505 384
1 mm 504 379
1 mm 501 371
1 mm 497 364
1 mm 494 359
1 mm 491 354
1 mm 488 351
1 mm 484 347
1 mm 482 344
1 mm 481 341
1 mm 480 340
0
1 ku 115 480 340
0
0
0
0
0
0
0
1 mm 480 338
3 mb 1 1 480 338 kd 115 483 333 md 483 333
1 md 488 325
1 md 494 314
1 md 499 305
1 md 503 299
1 md 505 296
2 ku 97 507 294 md 507 294
1 md 508 292
2 ku 115 511 291 md 511 291
1 md 516 289
1 md 523 288
1 md 528 288
1 md 533 289
2 md 539 293 mb 1 0 539 293
1 mm 545 296
1 mm 550 300
1 mm 552 302
1 mm 554 304
1 mm 555 306
1 mm 555 310
1 mm 555 314
1 mm 553 317
1 mm 551 319
2 mb 1 1 551 319 md 550 320
0
0
1 md 550 321
1 md 549 321
0
0
1 md 548 321
0
1 md 547 321
0
1 md 546 321
0
1 md 545 321
1 md 544 321
1 md 543 321
1 md 541 321
1 md 537 321
1 md 528 321
1 md 519 322
1 md 511 324
1 md 507 325
1 md 505 326
2 kd 97 504 327 md 504 327
0
0
0
0
1 kd 115 504 327
1 mb 1 0 504 327
1 mm 505 328
1 mm 506 328
1 mm 506 330
1 mm 507 330
0
1 mm 508 330
0
2 ku 97 508 331 mm 508 331
0
1 mm 508 332
0
0
1 mm 508 333
1 mb 1 1 508 333
0
0
0
0
0
1 md 508 331
1 md 505 326
1 md 499 318
1 md 492 312
1 md 483 304
1 md 482 302
1 md 480 302
1 md 479 301
1 md 478 301
0
0
1 kd 97 478 301
2 ku 115 478 302 md 478 302
1 md 478 306
1 md 478 312
1 md 480 321
1 md 483 330
1 md 485 337
1 md 489 343
1 md 493 349
2 ku 97 497 357 md 497 357
1 md 501 363
1 md 503 368
1 md 506 373
1 md 510 380
2 kd 119 515 389 md 515 389
1 md 519 401
1 md 521 412
1 md 523 418
0
1 md 524 421
3 kd 100 433 448 ku 119 433 448 md 433 448
1 md 418 428
1 md 415 417
1 md 415 404
2 kd 119 418 395 md 418 395
2 ku 100 421 389 md 421 389
1 md 423 386
1 md 424 385
0
1 md 425 383
0
1 md 425 382
0
1 md 425 381
1 md 425 380
1 md 425 379
1 md 425 378
1 md 423 378
1 md 422 376
1 md 419 372
1 md 413 367
1 md 403 361
1 md 393 355
1 md 385 353
1 md 380 351
2 ku 119 376 349 md 376 349
1 md 371 345
1 md 365 339
1 md 359 332
1 md 354 325
1 md 350 314
2 kd 115 347 303 md 347 303
1 md 345 294
1 md 343 285
1 md 340 275
1 md 336 265
1 md 332 255
1 md 330 248
1 md 330 244
1 md 330 240
1 md 332 235
1 md 340 230
1 md 351 226
1 md 364 226
1 md 378 227
1 md 391 234
2 ku 115 406 241 md 406 241
1 md 420 251
1 md 438 264
1 md 451 275
1 md 459 280
1 md 461 282
1 md 464 285
2 kd 119 467 292 md 467 292
2 mb 1 0 467 292 mm 470 304
1 mm 473 322
1 mm 477 342
1 mm 480 355
2 mb 1 1 480 355 md 481 363
1 md 482 373
1 md 484 389
1 md 484 411
1 md 481 431
1 md 478 442
1 md 475 447
1 md 474 450
1 md 474 452
1 md 473 454
1 md 473 456
1 md 473 458
2 kd 100 471 460 md 471 460
1 md 467 463
2 ku 119 460 468 md 460 468
1 md 449 472
1 md 442 474
1 md 439 475
0
0
1 md 439 474
2 mb 1 0 439 474 mm 439 470
1 mm 440 467
1 mm 440 466
1 mm 440 464
2 ku 100 440 461 mm 440 461
1 mm 440 459
2 kd 97 440 458 mm 440 458
1 mm 441 456
1 mm 441 455
0
1 mm 442 454
0
2 kd 115 442 453 mm 442 453
1 mm 442 451
1 mm 442 447
1 mm 442 445
1 mm 442 443
1 mm 442 442
0
0
1 mm 442 441
1 mm 444 438
1 mm 447 434
1 mm 451 431
1 mm 452 430
0
0
0
0
1 mm 453 430
2 ku 97 453 428 mm 453 428
1 mm 455 422
1 mm 457 413
2 kd 100 461 402 mm 461 402
1 mm 466 392
2 ku 115 470 386 mm 470 386
1 mm 471 383
1 mm 472 381
0
1 mm 472 378
1 mm 473 378
0
0
1 mm 473 381
1 mm 473 389
1 mm 472 399
2 ku 100 470 407 mm 470 407
1 mm 467 412
1 mm 467 413
0
0
1 mm 467 414
1 mm 467 415
1 mm 467 417
2 kd 115 468 421 mm 468 421
1 mm 470 425
1 mm 473 428
1 mm 478 430
1 mm 485 432
1 mm 495 432
1 mm 510 427
1 mm 528 419
1 mm 544 409
1 mm 558 397
1 mm 564 385
1 mm 568 376
1 mm 571 370
1 mm 572 368
1 mm 573 366
1 mm 573 364
1 mm 573 363
1 mm 573 362
0
0
1 mm 573 361
0
1 mm 572 361
0
0
0
1 kd 100 572 361
0
1 mb 1 1 572 361
0
0
0
0
0
0
1 md 573 360
0
1 md 574 360
0
0
0
1 mb 1 0 574 360
0
1 mm 573 359
0
1 mm 572 358
1 mm 571 357
2 ku 115 570 357 mm 570 357
0
1 mb 1 1 570 357
1 md 570 356
0
1 md 568 355
1 md 568 354
2 ku 100 566 352 md 566 352
1 md 566 350
0
2 kd 119 566 349 md 566 349
1 md 566 348
1 md 568 348
1 md 569 348
1 md 570 348
1 md 571 348
2 kd 100 572 348 md 572 348
1 md 572 349
1 md 574 349
1 md 574 350
0
1 md 574 351
2 ku 119 574 352 md 574 352
1 md 574 354
2 ku 100 574 357 md 574 357
1 md 574 361
1 md 574 363
1 kd 97 574 363
0
0
0
0
0
1 md 573 364
1 md 569 364
2 mb 1 0 569 364 mm 565 363
1 mm 560 361
2 kd 115 557 358 mm 557 358
1 mm 554 357
1 mm 553 356
0
1 mm 552 355
0
0
0
0
1 mm 553 354
2 ku 97 555 352 mm 555 352
2 kd 100 559 350 mm 559 350
1 mb 1 1 559 350
1 md 559 349
0
0
0
1 ku 115 559 349
0
0
0
0
1 md 561 349
1 mb 1 0 561 349
1 mm 562 349
1 ku 100 562 349
1 mm 563 349
2 kd 119 563 351 mm 563 351
1 mm 566 353
1 mm 569 355
1 mm 572 357
1 mm 574 358
1 mm 574 359
1 mm 574 360
1 mm 574 362
1 mm 574 363
1 kd 100 574 363
1 mm 574 366
2 ku 119 574 367 mm 574 367
1 mm 573 367
0
0
1 ku 100 573 367
0
0
0
0
0
0
0
0
0
0
2 kd 97 573 368 mm 573 368
0
2 mb 1 1 573 368 md 572 368
0
1 md 572 369
0
1 md 572 370
1 md 572 371
2 mb 1 0 572 371 mm 572 372
1 mm 572 374
1 mm 572 378
1 mm 572 381
1 mm 572 385
1 mm 572 386
1 mm 572 387
1 mm 572 388
1 mm 572 389
1 mm 570 391
1 mm 569 395
2 ku 97 568 397 mm 568 397
2 kd 100 567 399 mm 567 399
0
0
0
0
1 mm 566 400
1 mm 565 400
1 mm 563 400
1 mm 561 400
0
1 mm 559 400
0
0
1 ku 100 559 400
0
1 kd 97 559 400
0
0
0
0
0
0
0
0
1 mm 558 400
0
3 mb 1 1 558 400 kd 115 557 401 md 557 401
0
1 md 556 402
1 md 555 402
1 md 554 402
1 md 550 402
1 md 547 402
1 md 545 402
1 md 543 402
1 md 542 402
1 md 538 402
1 md 535 402
1 md 532 402
1 md 529 402
1 md 524 402
1 md 518 402
1 md 512 402
1 md 509 402
1 md 507 402
1 md 506 403
2 ku 115 505 403 md 505 403
0
0
0
0
0
0
0
0
1 md 505 404
1 kd 119 505 404
0
1 md 506 405
1 md 507 406
1 md 509 407
1 md 510 408
1 md 511 409
1 md 512 410
1 md 513 411
1 md 515 413
1 md 516 417
1 md 517 422
1 md 518 429
1 md 518 439
1 md 515 450
1 md 510 461
1 md 504 471
1 md 497 480
1 md 492 486
1 md 485 491
2 ku 97 479 494 md 479 494
1 md 471 496
1 md 464 496
1 md 456 496
1 md 449 493
1 md 445 489
1 md 445 487
1 md 445 479
1 md 445 471
2 mb 1 0 445 471 mm 446 464
1 mm 448 461
2 kd 100 448 455 mm 448 455
1 mm 450 450
1 mm 454 443
1 mm 463 433
1 mm 480 421
1 mm 500 411
2 ku 119 515 406 mm 515 406
0
1 mm 521 405
1 mm 521 407
2 ku 100 523 413 mm 523 413
1 mm 528 422
3 kd 97 536 431 kd 115 536 431 mm 536 431
1 mm 544 441
1 mm 553 447
1 mm 560 450
1 mm 563 451
1 mm 566 451
1 mm 568 450
1 mm 573 445
1 mm 576 436
1 mm 577 426
1 mm 577 419
1 mm 577 417
1 mm 577 414
1 mm 577 412
1 mm 576 408
1 mm 575 402
1 mm 575 397
1 mm 575 392
1 mm 577 387
1 mm 581 383
1 mm 583 382
0
2 kd 100 585 381 mm 585 381
0
2 ku 97 586 381 mm 586 381
1 mm 586 382
1 mm 586 383
1 mm 586 385
1 mm 586 387
1 mm 586 388
2 ku 115 586 390 mm 586 390
1 mm 585 391
0
1 mm 585 392
0
0
0
0
0
1 mm 584 392
0
0
0
0
0
0
0
0
0
0
0
0
1 kd 119 584 392
1 mm 583 392
0
1 mm 581 393
1 mm 579 395
1 mm 575 397
1 mm 573 399
1 mm 572 401
1 mm 571 402
1 mm 571 403
1 mm 571 405
1 mm 572 410
1 mm 574 419
1 mm 576 433
1 mm 576 450
1 mm 574 471
1 mm 570 491
1 mm 564 507
1 mm 558 517
2 ku 119 554 522 mm 554 522
1 mm 552 524
1 mm 551 525
1 mm 550 526
1 mm 543 527
2 kd 115 535 527 mm 535 527
1 mm 530 527
1 mm 529 527
0
1 mm 528 527
1 mm 527 527
1 mm 523 525
2 ku 100 519 525 mm 519 525
1 mm 514 525
1 mm 509 526
1 mm 505 527
1 mm 504 527
1 mm 504 529
0
0
0
0
0
0
0
0
0
0
0
1 mm 504 528
1 mm 504 527
0
1 mm 504 526
0
1 kd 100 504 526
1 mm 504 525
0
0
1 ku 115 504 525
1 mm 504 524
0
0
1 ku 100 504 524
0
1 mm 504 523
0
0
1 mm 504 522
0
1 mm 504 521
0
1 mm 504 520
1 mm 504 519
0
1 mm 504 518
1 mm 504 517
1 mm 504 516
1 kd 119 504 516
1 mm 504 515
1 mm 504 514
0
1 mm 504 513
1 mm 504 512
1 mm 504 511
1 mm 504 510
1 mm 504 509
1 mm 504 508
1 mm 504 507
1 mm 504 505
1 mm 505 502
1 mm 505 498
1 mm 506 495
1 mm 507 493
0
1 mm 507 490
0
0
0
0
0
0
1 mm 507 489
0
0
1 mm 507 488
0
1 mm 507 487
0
0
1 mm 507 486
1 mm 508 486
1 mm 508 485
1 mm 509 483
1 mm 509 481
1 mm 509 478
2 ku 119 510 475 mm 510 475
1 mm 511 471
1 mm 512 469
1 mm 512 467
0
0
1 mm 512 466
0
0
1 mm 512 465
0
1 mm 512 464
0
0
0
0
0
0
0
0
0
0
0
0
0
0
0
0
0
0
0
0
0
0
0
0
0
0
0
0
0
0
0
0
0
0
0
0
0
0
0
0
0
0
0
0
1 kd 27 512 464
0
0
0
0
0
0
0
1 ku 27 512 464
0
0
0
0
0
0
0
0
0
0
0
0
0
0
0
0
0
0
1 sd 113 512 464
0
0
0
0
0
0
0
0
0
0
0
0
0
0
0
0
0
0
0
0
0
0
0
0
0
0
0
0
0
0
0
0
0
0
0
0
0
0
0
0
0
0
0
0
0
1 kd 37 512 464
