1299795352 seed, 60 fps, 1280x720, fullScreen=0, version13_level15_tutorial0_tutorialBookmark0_mouseSpeed1.000000_[20]powerUpRapidFire#[10]powerUpExplode#[5]powerUpSticky_levelStack3_3025385480_3451724343_720135969 B31CA572A8195C043E2F4CFCFB164A5A2947EC7E
3 mm 320 158 mm 640 360 mm 984 593
0
0
0
0
0
0
0
0
1 mm 984 594
0
1 mm 984 595
0
0
0
0
0
0
1 mm 983 595
0
1 kd 97 983 595
0
1 mm 978 587
1 mm 970 576
1 mm 961 565
1 mm 954 558
1 mm 947 554
1 mm 945 553
1 mm 943 552
1 mm 941 552
0
1 mm 939 552
1 mm 938 552
1 mm 935 551
1 mm 932 550
1 mm 928 549
1 mm 917 548
1 mm 914 552
1 mm 911 559
1 mm 907 568
1 mm 895 595
1 mm 882 624
1 mm 877 638
1 mm 869 664
1 mm 867 680
1 mm 866 683
1 mm 866 682
1 mm 865 677
1 mm 864 670
1 mm 862 665
1 mm 861 651
1 mm 861 639
1 mm 861 635
1 mm 865 621
1 mm 875 608
2 ku 97 883 604 mm 883 604
1 mm 889 603
1 mm 894 602
1 mm 896 602
1 mm 898 602
1 mm 900 603
1 mm 901 604
1 mm 904 607
1 mm 908 613
1 mm 912 618
1 mm 912 621
1 mm 912 624
1 mm 912 626
1 mm 913 638
1 mm 912 640
1 mm 911 642
1 mm 910 642
0
1 mm 909 642
0
1 mm 908 642
0
1 mm 907 642
0
1 mm 907 640
0
1 mb 1 1 907 640
0
0
0
0
1 md 906 640
1 md 905 639
1 md 902 639
1 md 899 636
1 md 898 634
1 md 896 634
0
1 md 893 632
1 md 890 631
1 md 887 629
1 md 885 627
1 md 883 625
1 md 882 624
0
1 md 880 623
1 md 879 623
1 md 879 622
0
1 md 878 622
1 md 876 620
1 md 876 619
1 md 874 617
1 md 874 616
1 md 873 614
1 md 872 613
1 md 871 610
1 md 871 609
1 md 870 607
1 md 870 606
1 md 869 603
1 md 868 601
1 md 868 599
1 md 868 597
1 md 867 595
1 md 867 593
1 md 865 589
1 md 864 587
1 md 864 585
1 md 864 584
1 md 864 583
1 md 864 581
1 md 864 579
1 md 864 576
1 md 864 573
1 md 864 571
1 md 864 569
1 md 864 566
1 md 864 563
1 md 864 561
1 md 864 558
1 md 864 556
1 md 864 555
1 md 865 553
1 md 865 551
1 md 865 550
1 md 866 549
1 md 866 547
1 md 866 546
1 md 866 545
1 md 867 543
1 md 868 542
1 md 869 541
1 md 871 540
1 md 873 537
1 md 879 531
1 md 882 527
1 md 884 525
1 md 885 524
1 md 885 523
1 md 886 522
1 md 887 522
1 md 888 521
1 md 889 521
1 md 889 520
1 md 890 520
1 md 890 519
1 md 890 518
1 md 893 517
0
1 md 894 516
1 md 895 516
1 md 896 514
1 md 899 514
1 md 904 513
1 md 910 511
1 md 916 510
1 md 920 509
1 md 923 509
1 md 924 507
1 md 927 507
1 md 928 505
1 md 930 505
1 md 931 505
1 md 933 505
1 md 933 504
1 md 935 504
1 md 937 504
1 md 940 504
1 md 941 505
1 md 942 506
1 md 943 506
1 md 944 507
1 md 945 507
0
1 md 946 508
1 md 947 508
2 kd 100 948 509 md 948 509
1 md 949 510
1 md 950 510
1 md 950 511
1 md 951 511
1 md 951 512
1 md 952 513
1 md 953 513
1 md 954 514
1 md 955 514
1 md 956 515
1 md 956 516
1 md 957 517
1 md 959 517
1 md 962 519
1 md 964 520
1 md 966 521
1 md 970 522
1 md 976 524
1 md 984 527
1 md 991 530
1 md 998 534
1 md 1004 537
1 md 1009 539
1 md 1010 541
1 md 1012 542
1 md 1013 544
1 md 1013 545
1 md 1014 545
1 md 1015 546
1 md 1016 548
1 md 1017 549
1 md 1019 550
1 md 1020 553
1 md 1024 557
1 md 1026 559
1 md 1026 560
1 md 1028 561
1 md 1028 563
1 md 1029 564
1 md 1031 565
0
1 md 1034 566
1 md 1035 568
0
2 mb 1 0 1035 568 mm 1037 570
1 mm 1039 572
1 mm 1043 577
1 mm 1045 582
1 mm 1047 585
1 mm 1047 587
1 mm 1047 588
1 mm 1047 589
1 ku 100 1047 589
1 mm 1047 590
1 mm 1047 591
1 mm 1047 595
1 mm 1046 604
1 mm 1045 612
2 kd 115 1041 623 mm 1041 623
1 mm 1039 632
1 mm 1036 640
1 mm 1035 644
1 mm 1035 646
0
1 mm 1034 646
0
0
2 kd 97 1033 647 mm 1033 647
1 mm 1032 647
1 mm 1031 648
1 mm 1029 648
1 mm 1027 648
1 mm 1026 648
0
1 mm 1025 648
1 mm 1023 648
2 ku 115 1020 648 mm 1020 648
1 mm 1017 648
1 mm 1016 648
1 mm 1016 647
1 mm 1013 647
1 mm 1002 642
1 mm 988 632
1 mm 976 619
1 mm 960 598
1 mm 943 579
1 mm 931 568
1 mm 929 568
1 mm 929 567
0
1 kd 115 929 567
1 mm 923 538
1 mm 925 531
1 mm 925 530
1 mm 925 528
1 mm 925 527
0
0
0
0
0
0
1 mm 924 527
1 mm 918 527
1 mm 904 533
1 mm 889 540
1 mm 880 543
1 mm 877 544
1 mm 876 546
2 mb 1 1 876 546 md 876 548
1 md 874 549
1 md 868 553
1 md 860 560
1 md 845 575
2 ku 115 827 676 md 827 676
1 md 835 694
2 ku 97 842 704 md 842 704
1 md 848 712
1 md 854 718
2 md 856 719 md 640 360
1 md 644 363
2 kd 100 648 367 md 648 367
1 md 652 370
1 md 658 371
1 md 663 372
1 md 669 368
2 kd 119 676 358 md 676 358
1 md 690 345
1 md 702 334
1 md 718 317
1 md 733 287
1 md 748 251
1 md 757 230
1 md 760 209
1 md 759 188
1 md 755 168
1 md 750 150
1 md 742 126
1 md 737 116
1 md 735 111
1 md 732 104
1 md 731 100
1 md 729 97
1 md 725 94
1 md 720 92
1 md 711 92
1 md 696 92
1 md 681 95
1 md 669 100
1 md 665 103
1 md 665 104
0
0
0
0
1 md 664 104
1 md 663 104
1 md 662 105
0
2 mb 1 0 662 105 mm 661 105
0
0
0
0
0
0
0
1 ku 100 661 105
0
0
0
0
0
0
0
0
0
0
0
0
0
0
0
0
0
0
0
0
0
0
1 ku 119 661 105
0
0
0
0
0
0
0
0
0
0
0
1 kd 27 661 105
0
0
0
0
1 ku 27 661 105
0
0
0
0
0
0
0
0
1 sd 113 661 105
0
0
0
0
0
0
0
0
0
0
0
0
0
0
0
0
0
0
0
0
0
0
0
0
0
0
0
0
0
1 kd 37 661 105
