1299795481 seed, 60 fps, 1280x720, fullScreen=0, version13_level75_tutorial0_tutorialBookmark0_mouseSpeed1.000000_[12]powerUpSpread#[12]powerUpBulletDistance#[9]powerUpBounce_levelStack3_3025385482_3451724343_720135969 3563995081079FED35933DCF08FF6ACF6FC7E242
3 mm 361 163 mm 640 360 mm 659 393
0
0
0
0
0
0
0
0
0
0
0
0
0
1 mm 941 593
0
0
0
0
0
0
0
0
0
1 mm 940 593
0
0
1 mm 939 593
1 mm 928 590
1 mm 911 569
1 mm 897 551
1 mm 883 533
1 mm 866 515
1 mm 846 496
1 mm 825 480
1 mm 805 468
1 mm 787 457
1 mm 770 447
1 mm 751 435
1 mm 731 425
1 mm 713 417
1 mm 696 412
1 mm 679 407
1 mm 661 404
1 mm 644 404
1 mm 629 407
1 mm 611 411
1 mm 593 414
1 mm 576 418
1 mm 565 422
1 mm 556 425
1 mm 551 428
1 mm 550 432
1 mm 551 439
1 mm 564 453
1 mm 592 479
0
0
0
0
0
0
0
0
0
0
0
0
0
0
0
0
0
1 mm 590 475
3 kd 119 545 419 kd 97 545 419 mm 545 419
1 mm 540 412
1 mm 533 405
1 mm 529 400
1 mm 529 399
1 mm 529 398
1 mm 527 396
1 mm 526 393
1 mm 524 390
2 ku 119 521 383 mm 521 383
1 mm 518 378
1 mm 514 372
2 kd 119 510 366 mm 510 366
1 mm 506 361
0
1 mm 506 359
0
1 ku 119 506 359
0
1 mm 507 362
1 mm 511 367
1 mm 517 377
1 mm 523 386
1 mm 530 395
1 mm 534 402
2 kd 115 540 408 mm 540 408
1 mm 544 410
0
0
0
0
0
0
1 mm 545 411
0
0
0
0
0
0
1 ku 115 545 411
0
0
0
1 mm 544 411
0
0
0
0
1 mm 545 420
1 mm 549 424
1 mm 552 426
1 mm 555 428
1 mm 559 431
1 mm 565 433
1 mm 571 435
1 mm 576 436
1 mm 582 437
1 mm 586 438
0
1 mm 588 438
0
1 mm 589 438
0
1 kd 115 589 438
0
0
0
0
0
0
0
1 mm 590 438
1 mm 591 439
1 mm 592 440
1 mm 593 441
1 mm 595 443
1 mm 598 448
1 mm 602 454
1 mm 609 462
1 mm 613 468
1 mm 616 474
1 mm 618 477
1 mm 618 478
1 mm 618 479
0
0
1 mm 617 480
1 mm 614 480
1 mm 611 480
1 mm 605 480
1 mm 601 481
1 mm 598 482
1 mm 596 482
1 mm 594 482
1 mm 590 482
1 mm 585 482
1 mm 583 482
1 mm 611 532
1 mm 617 538
1 mm 623 544
1 mm 627 548
1 mm 631 551
1 mm 631 552
0
0
1 mm 631 553
1 mm 627 553
1 mm 620 553
1 mm 614 553
0
0
0
0
1 mm 614 554
1 mm 616 554
0
1 mm 617 554
0
0
0
1 ku 97 617 554
0
1 mm 617 555
0
0
0
0
0
0
1 mm 618 555
0
0
0
0
1 kd 100 618 555
0
0
0
0
0
0
1 ku 100 618 555
0
0
1 mm 619 555
0
0
0
0
0
0
0
0
2 kd 97 618 555 mm 618 555
0
1 mm 617 554
0
1 mm 616 554
1 mm 615 553
1 mm 612 551
1 mm 608 549
1 mm 604 544
1 mm 597 538
1 mm 591 531
1 mm 583 522
1 mm 577 515
1 mm 575 513
0
0
0
0
0
0
0
1 mm 574 513
0
1 mm 573 512
0
1 mm 572 512
0
1 mm 572 510
0
0
0
0
0
0
0
0
1 mm 573 510
1 mm 578 511
1 mm 586 514
1 mm 596 516
1 mm 607 520
1 mm 617 522
1 mm 627 525
2 ku 97 631 506 mm 631 506
1 mm 630 504
0
1 mm 629 504
0
0
0
0
0
0
0
0
0
0
0
1 mm 630 504
0
1 mm 631 504
1 mm 633 504
0
1 mm 634 506
1 mm 635 507
1 mm 635 508
1 mm 635 510
1 mm 635 511
1 mm 635 513
1 mm 635 514
1 mm 635 516
1 mm 634 516
0
1 mm 634 518
1 mm 633 518
0
0
0
1 mm 632 518
0
1 mm 631 518
1 mm 630 518
1 mm 628 517
1 mm 626 516
1 mm 625 515
1 mm 625 514
1 mm 625 513
1 mm 624 511
1 mm 622 506
1 mm 620 501
2 kd 100 618 495 mm 618 495
3 ku 115 616 418 kd 115 616 418 mm 616 418
1 mm 616 413
0
2 ku 100 616 411 mm 616 411
0
1 mm 617 410
1 mm 618 409
1 mm 618 408
1 mm 618 407
1 mm 619 406
1 mm 619 405
1 mm 619 403
1 mm 619 402
2 kd 100 620 402 mm 620 402
0
0
0
0
0
0
0
1 ku 100 620 402
0
0
0
0
0
1 mm 621 402
1 mm 621 403
1 mm 621 405
1 mm 621 408
2 kd 100 621 413 mm 621 413
1 mm 621 418
0
0
1 ku 100 621 418
0
1 mb 1 1 621 418
1 md 620 419
0
0
1 md 620 420
1 md 620 419
1 md 621 416
1 md 623 412
1 md 626 408
1 md 628 403
2 ku 115 670 382 md 670 382
2 kd 97 677 382 md 677 382
1 md 679 381
0
0
0
0
1 ku 97 679 381
0
1 md 680 381
0
1 md 681 381
1 md 682 381
0
2 kd 115 682 382 md 682 382
1 md 683 382
0
1 md 684 382
1 md 685 382
1 md 686 382
0
1 md 687 382
0
0
0
0
0
1 md 686 381
1 md 685 380
1 md 684 380
0
1 ku 115 684 380
1 md 683 380
0
0
0
0
0
0
0
1 md 682 380
1 md 682 379
0
1 mb 1 0 682 379
1 mm 681 379
0
0
5 kd 100 676 379 kd 119 676 379 ku 100 676 379 mm 676 379 mb 1 1 676 379
0
0
0
0
0
0
0
0
1 md 675 379
0
0
1 md 674 379
1 md 673 379
0
2 ku 119 672 379 md 672 379
1 md 671 379
1 md 668 378
1 md 666 377
1 md 663 376
1 md 661 375
0
2 kd 100 660 375 md 660 375
0
0
0
0
0
0
0
0
0
0
0
0
0
0
0
2 ku 100 660 376 md 660 376
1 md 659 377
0
2 kd 119 659 378 md 659 378
0
1 md 659 379
1 md 658 379
0
0
2 ku 119 658 379 kd 115 658 379
0
0
0
0
0
0
0
0
0
0
0
0
0
0
0
1 md 657 379
0
0
1 ku 115 657 379
0
0
0
0
0
2 kd 97 656 379 md 656 379
0
1 md 655 379
1 md 654 379
0
0
1 md 653 379
2 ku 97 653 378 md 653 378
1 md 652 378
1 md 651 377
0
0
1 md 651 376
1 md 650 376
0
0
1 md 650 375
1 md 649 375
0
0
0
0
2 kd 119 630 381 md 630 381
1 md 629 381
1 md 626 385
1 md 626 386
1 md 626 387
0
1 md 626 388
1 md 626 389
0
1 md 627 390
1 md 627 392
1 md 628 393
1 md 629 394
1 md 629 395
0
0
0
1 md 629 396
0
1 md 629 397
1 md 629 398
1 md 629 400
1 md 629 402
1 md 627 407
1 md 626 411
1 md 625 415
1 md 624 420
1 md 623 423
0
1 md 623 425
2 ku 119 623 426 md 623 426
0
1 md 623 427
1 md 623 429
1 md 624 431
1 md 624 432
1 md 626 434
1 md 626 435
1 md 626 436
1 md 626 437
0
0
0
1 md 625 437
0
0
0
1 md 616 430
1 md 615 430
1 md 614 430
1 md 613 431
0
1 md 612 431
0
1 md 612 432
0
0
1 md 611 432
0
0
0
0
0
0
0
0
1 md 610 432
0
1 md 609 432
1 md 608 432
0
1 md 607 432
1 md 606 432
1 md 605 432
0
0
0
0
0
0
0
0
0
0
0
0
0
1 kd 119 605 432
0
0
0
0
0
0
0
4 ku 119 605 432 kd 97 605 432 mb 1 0 605 432 ku 97 605 432
0
0
0
0
0
0
0
0
0
0
1 mb 1 1 605 432
1 md 604 432
0
0
0
0
0
0
1 kd 97 604 432
0
0
0
0
0
0
1 md 604 433
0
0
1 ku 97 604 433
0
0
0
0
0
0
0
0
0
0
0
0
0
0
0
0
0
0
1 kd 115 604 433
0
0
0
1 kd 100 604 433
0
0
0
0
0
0
0
0
0
0
0
0
1 ku 100 604 433
0
0
0
0
0
0
0
0
0
0
0
0
0
0
0
0
0
1 md 603 433
0
1 ku 115 603 433
0
0
0
0
0
0
2 kd 119 599 431 md 599 431
1 md 594 427
1 md 593 427
0
0
1 md 593 425
0
1 md 592 424
0
0
0
0
0
0
1 md 592 423
0
0
0
0
0
0
0
0
0
0
1 ku 119 592 423
0
1 md 591 423
1 md 591 424
2 kd 97 591 426 md 591 426
1 md 590 428
1 md 588 430
1 md 588 433
1 md 587 434
1 md 587 435
2 ku 97 587 436 md 587 436
0
1 md 587 437
1 md 587 439
1 md 588 440
0
1 md 588 441
0
0
0
0
0
1 md 569 413
0
0
0
0
0
0
0
0
0
0
0
0
0
1 md 568 413
0
0
0
0
0
0
0
0
0
0
0
0
0
0
0
0
0
0
0
0
0
0
0
0
0
1 kd 119 568 413
0
0
0
0
0
2 ku 119 568 413 kd 97 568 413
1 md 567 413
0
1 mb 1 0 567 413
0
0
0
0
0
0
0
0
0
1 ku 97 567 413
0
0
0
0
0
0
1 mm 568 413
1 mm 570 413
1 mm 572 413
1 mm 575 413
0
0
1 kd 115 575 413
0
0
1 mm 576 412
1 mm 576 410
2 kd 100 574 406 mm 574 406
1 mm 574 405
0
0
0
0
0
0
0
0
1 ku 115 574 405
0
0
0
1 ku 100 574 405
0
1 kd 115 574 405
1 mb 1 1 574 405
0
0
1 kd 100 574 405
0
0
0
0
0
0
0
0
0
0
0
0
0
1 ku 100 574 405
0
0
0
0
0
0
0
0
0
0
0
0
1 ku 115 574 405
0
0
0
0
0
0
0
0
0
0
0
0
0
0
0
1 kd 119 574 405
2 mb 1 0 574 405 kd 97 574 405
0
0
0
0
0
0
0
0
1 mm 573 405
1 mm 573 406
1 mm 573 407
1 mm 573 409
1 mm 575 415
1 mm 580 424
1 mm 588 436
0
0
0
0
0
0
0
0
0
0
1 mm 588 434
1 mm 586 432
1 mm 586 427
0
1 mm 586 426
1 mm 586 425
1 mm 584 424
1 mm 582 422
1 mm 580 419
1 mm 579 417
0
0
0
0
1 mm 578 417
1 mm 577 418
1 mm 576 422
2 ku 119 575 430 mm 575 430
1 mm 573 439
2 mb 1 1 573 439 md 573 446
1 md 573 448
2 ku 97 613 484 md 613 484
1 md 616 488
1 md 619 491
1 md 621 494
1 md 624 498
1 md 627 502
1 md 630 504
1 md 631 504
0
0
0
1 md 632 504
0
1 md 633 503
1 md 633 501
2 kd 100 636 498 md 636 498
1 md 638 497
0
1 md 639 497
0
0
0
0
0
0
1 md 638 497
0
0
0
1 md 637 498
1 md 637 499
1 md 636 500
1 md 635 501
0
1 md 635 502
1 md 635 503
0
1 md 635 504
1 kd 115 635 504
1 md 634 505
0
2 ku 100 634 506 md 634 506
0
0
0
0
0
1 md 635 505
1 md 635 493
1 md 634 484
2 kd 100 630 473 md 630 473
1 md 624 461
1 md 618 449
1 md 612 437
1 md 606 427
1 md 601 416
1 md 596 404
1 md 591 391
1 md 587 379
1 md 584 370
1 md 582 362
1 md 581 355
1 md 581 351
2 mb 1 0 581 351 mm 581 346
0
0
0
0
0
0
0
0
1 ku 100 581 346
0
0
1 mm 582 344
1 mm 586 342
1 mm 593 340
1 mm 598 337
1 mm 601 336
1 mm 602 335
0
0
0
0
0
0
0
0
1 mm 602 336
0
0
1 mm 602 337
3 kd 97 599 338 mb 1 1 602 337 md 599 338
0
0
0
0
0
0
0
0
0
0
0
0
1 ku 97 599 338
0
0
1 ku 115 599 338
0
0
0
0
0
0
0
0
0
0
0
0
0
0
0
0
0
0
0
0
0
0
0
0
0
0
0
0
0
0
0
1 mb 1 0 599 338
0
0
0
0
0
0
0
0
0
0
0
0
0
0
0
0
0
0
0
0
0
0
0
0
0
0
0
0
0
0
0
0
0
1 kd 27 599 338
0
0
0
0
0
0
0
1 ku 27 599 338
0
0
0
1 sd 113 599 338
0
0
0
0
1 kd 37 599 338
