1299819661 seed, 30 fps, 640x480, fullScreen=1, version13_level14_tutorial0_tutorialBookmark7_mouseSpeed1.000000_[2]powerUpHeart#[10]powerUpSpread#[12]powerUpBulletDistance_levelStack10_1091855232_2398021533_2943449576_155511168_3377293396_2081210269_4247560971_3451724343_720135969_3076159770 87187260483D9F30705B2B6C090F32AA971C721F
12 mm 320 240 mm 320 239 mm 319 235 mm 319 233 mm 318 232 mm 318 231 mm 317 231 mm 317 230 mm 316 230 mm 315 229 mm 315 228 mm 315 227
0
0
0
0
0
0
0
0
0
0
0
2 mm 316 227 mm 318 227
3 mm 320 227 mm 323 227 mm 326 228
3 mm 329 229 mm 333 230 mm 336 232
3 mm 340 233 mm 344 234 mm 347 236
4 mm 351 238 mm 355 239 mm 360 241 mm 365 242
3 mm 370 245 mm 374 247 mm 378 249
3 mm 382 251 mm 385 253 mm 389 255
3 mm 392 257 mm 396 259 mm 400 261
4 mm 404 263 mm 407 265 mm 410 267 mm 412 268
3 mm 415 270 mm 416 270 mm 416 271
0
0
1 mm 417 271
1 mm 418 271
0
1 mm 418 272
3 mm 418 273 mm 418 274 mm 417 275
3 mm 417 276 mm 417 277 mm 417 278
3 mm 417 279 mm 417 280 mm 417 281
3 mm 417 282 mm 417 283 mm 417 285
4 mm 417 287 mm 417 288 mm 417 289 mm 417 290
3 mm 417 291 mm 417 292 mm 417 293
3 mm 417 294 mm 417 296 mm 417 297
3 mm 417 298 mm 417 300 mm 417 302
3 mm 417 303 mm 417 304 mm 417 305
1 kd 115 417 305
0
0
0
0
2 mm 418 305 mm 419 305
3 mm 420 305 mm 421 304 mm 423 303
4 mm 424 303 mm 426 302 mm 427 301 mm 428 301
4 mm 429 301 mm 430 300 mm 431 300 kd 100 431 300
0
2 ku 115 432 300 mm 432 300
2 mm 433 300 mm 433 301
3 mm 434 302 mm 435 304 mm 436 305
5 mm 438 307 mm 440 309 mm 442 311 ku 100 444 313 mm 444 313
3 mm 446 315 mm 447 316 mm 449 318
4 mm 450 320 mm 451 321 mm 452 323 mm 453 324
2 mm 454 325 mm 454 326
3 mm 455 327 mm 456 327 mm 456 328
0
1 mm 457 328
2 mm 457 329 mm 458 329
2 mm 458 330 mm 458 331
2 mm 459 332 mm 459 333
0
0
0
0
3 mm 459 334 mm 458 335 mm 457 335
2 mm 455 336 mm 454 337
3 mm 453 338 mm 452 338 mm 450 339
4 mm 449 340 mm 448 340 mm 447 341 mm 446 341
4 mm 445 342 mm 444 342 mm 443 342 kd 97 443 342
0
1 mm 442 342
1 mm 441 342
3 mm 440 342 mm 439 342 mm 437 342
4 mm 436 342 mm 434 342 mm 432 342 mm 429 342
3 mm 425 341 mm 421 340 mm 417 339
3 mm 413 338 mm 408 337 mm 404 336
4 mm 400 334 mm 396 333 mm 391 331 mm 387 329
2 mm 377 324 mm 373 321
3 mm 368 318 mm 364 314 mm 360 310
5 mm 356 306 mm 352 302 kd 119 347 293 mm 349 298 mm 347 293
3 mm 344 288 mm 342 284 mm 340 279
4 mm 339 274 mm 337 270 mm 336 266 ku 97 336 266
3 mm 335 263 mm 333 260 mm 332 257
3 mm 332 254 mm 331 251 mm 331 247
4 mm 331 243 mm 330 240 mm 330 237 mm 330 234
3 mm 330 231 mm 330 228 mm 330 224
4 mm 330 221 mm 330 217 mm 330 214 mm 330 210
4 mm 330 206 mm 331 201 ku 119 331 197 mm 331 197
3 mm 331 193 mm 332 190 mm 333 187
4 mm 333 183 mm 334 180 mm 334 177 mm 335 173
3 mm 336 169 mm 337 166 mm 337 163
2 mm 337 161 mm 338 159
1 mm 338 158
0
1 kd 119 338 158
0
2 mm 339 158 mm 339 161
3 mm 340 164 mm 340 167 mm 340 171
3 mm 340 174 mm 340 177 mm 340 180
3 mm 340 182 mm 340 184 mm 340 185
2 mm 340 186 mm 340 187
0
3 mm 338 187 mm 337 187 mm 336 187
4 mm 335 187 ku 119 333 187 mm 334 187 mm 333 187
2 mm 332 187 mm 331 187
1 mm 330 187
0
2 mm 328 186 mm 327 185
3 mm 326 183 mm 324 182 mm 322 180
5 mm 320 178 mm 318 176 kd 100 314 173 mm 316 174 mm 314 173
3 mm 312 171 mm 310 170 mm 309 169
3 mm 307 168 mm 305 167 mm 305 166
4 mm 304 165 mm 303 165 kd 119 303 164 mm 303 164
0
1 ku 100 303 164
2 mm 302 164 mm 302 163
0
2 mm 302 162 mm 302 161
3 mm 302 160 mm 302 159 mm 302 157
3 mm 302 155 mm 302 153 mm 302 150
4 mm 302 147 mm 302 145 mm 302 143 mm 302 141
4 mm 302 139 mm 302 137 mm 302 136 mm 303 135
2 mm 303 134 mm 303 133
2 mm 303 132 mm 303 131
3 mm 303 130 mm 303 129 mm 303 128
3 mm 303 127 ku 119 304 127 mm 304 127
2 mm 304 126 mm 304 125
0
0
0
0
1 kd 119 304 125
0
0
0
2 mm 305 125 mm 305 126
0
1 ku 119 305 126
0
0
0
0
0
0
0
0
0
2 mm 305 127 mm 305 129
3 mm 306 130 mm 306 132 mm 306 133
3 mm 306 135 mm 306 136 mm 307 137
2 mm 307 138 mm 308 139
1 mm 308 140
3 mm 308 141 mm 309 141 mm 309 142
2 mm 309 143 mm 310 143
1 mm 310 144
2 mm 310 145 mm 311 145
1 mm 311 146
1 mm 312 147
2 mm 312 148 mm 313 148
2 mm 313 149 mm 314 149
2 mm 314 150 mm 315 150
3 mm 315 151 mm 316 153 mm 317 155
4 mm 318 158 mm 320 162 mm 321 165 mm 323 169
4 mm 325 172 mm 327 176 kd 100 328 180 mm 328 180
3 mm 330 184 mm 331 188 mm 332 192
4 mm 333 195 mm 334 198 mm 335 202 mm 336 205
4 mm 337 208 mm 338 211 mm 338 214 ku 100 338 214
3 mm 339 218 mm 339 221 mm 339 224
4 mm 340 226 mm 340 228 mm 340 230 mm 340 231
3 mm 340 232 mm 340 233 mm 340 235
3 mm 340 236 mm 340 238 mm 340 240
3 mm 340 243 mm 339 247 mm 338 250
4 mm 337 254 mm 336 258 mm 334 263 mm 333 267
3 mm 332 271 mm 332 274 mm 331 277
5 mm 330 280 mm 329 283 mm 329 286 kd 115 328 288 mm 328 288
2 mm 327 290 mm 327 292
4 mm 326 294 mm 326 295 mm 326 296 mm 326 297
2 mm 326 298 mm 326 299
3 mm 326 300 mm 326 301 mm 326 302
4 mm 326 303 mm 326 304 mm 326 306 mm 326 307
4 mm 326 308 mm 326 309 mm 326 310 mm 326 311
2 mm 326 312 mm 326 314
2 mm 326 315 mm 326 316
2 mm 326 317 kd 100 326 317
0
0
1 mm 326 318
2 mm 326 319 mm 326 320
4 mm 326 321 ku 115 327 323 mm 327 322 mm 327 323
2 mm 327 324 mm 327 325
3 mm 328 326 mm 328 328 mm 328 329
2 mm 328 330 mm 328 331
4 mm 329 333 mm 329 334 mm 329 336 mm 329 337
2 mm 329 338 mm 330 338
1 mm 330 339
1 ku 100 330 339
1 mm 330 340
2 kd 115 330 341 mm 330 341
4 mm 329 341 mm 329 342 mm 328 342 mm 327 342
2 mm 326 342 mm 325 342
5 ku 115 323 344 mm 325 343 mm 324 343 mm 324 344 mm 323 344
0
1 mm 322 344
1 mm 321 344
0
0
0
0
0
0
1 kd 100 321 344
0
1 kd 115 321 344
0
0
0
0
0
0
0
2 mm 321 346 mm 321 347
0
0
1 ku 115 321 347
3 mm 321 348 ku 100 319 349 mm 319 349
4 mm 318 351 mm 317 353 mm 315 354 mm 314 355
3 mm 313 356 mm 313 357 mm 312 357
0
0
1 kd 115 312 357
1 mm 312 358
2 mm 314 358 mm 316 356
4 mm 319 352 mm 324 345 mm 328 338 mm 332 331
3 mm 336 323 mm 339 315 mm 342 307
3 mm 343 300 mm 344 294 mm 344 287
3 mm 344 279 mm 344 271 mm 344 262
4 mm 345 253 mm 345 246 mm 345 240 mm 345 235
3 mm 345 231 mm 346 228 mm 346 225
2 mm 346 222 mm 346 221
3 mm 346 220 mm 346 219 ku 115 346 219
2 mm 346 218 mm 346 216
2 mm 345 215 mm 344 214
3 mm 342 214 mm 340 214 mm 338 214
4 mm 335 215 mm 330 217 mm 326 218 mm 322 219
4 mm 319 219 mm 316 219 mm 314 219 mm 313 218
2 mm 312 217 mm 312 216
2 mm 312 215 mm 312 214
3 mm 312 213 mm 311 213 mm 311 212
4 mm 310 212 mm 310 211 mm 309 210 mm 309 209
1 mm 309 208
1 kd 115 309 208
0
0
0
0
1 ku 115 309 208
0
0
0
0
0
0
0
3 mm 309 207 mm 309 206 mm 309 205
2 mm 309 204 mm 309 203
4 mm 308 203 kd 115 308 201 mm 308 202 mm 308 201
3 mm 308 200 mm 307 199 mm 307 198
1 mm 306 198
1 mm 305 198
3 mm 304 198 ku 115 303 198 mm 303 198
0
0
0
0
2 mm 302 198 mm 301 199
3 mm 300 200 mm 299 201 mm 298 203
3 mm 297 205 mm 296 208 mm 295 210
3 mm 294 213 mm 294 216 mm 294 219
3 mm 294 222 mm 295 223 mm 297 223
3 mm 298 223 kd 115 298 222 mm 298 222
4 mm 298 218 mm 295 212 mm 290 208 mm 282 204
3 mm 273 200 mm 262 197 mm 250 195
3 mm 238 195 mm 226 194 mm 216 193
4 mm 208 191 mm 203 189 ku 115 200 187 mm 200 187
4 mm 200 186 kd 100 200 182 mm 200 184 mm 200 182
2 mm 201 181 mm 202 180
1 ku 100 202 180
3 mm 203 180 mm 204 180 mm 205 182
3 mm 207 183 mm 209 183 mm 211 184
4 mm 213 184 mm 214 184 mm 216 184 mm 218 184
2 mm 219 184 mm 220 184
2 mm 221 184 mm 222 184
4 mm 223 184 mm 224 184 mm 225 184 mm 226 184
4 mm 228 184 mm 230 184 kd 97 232 184 mm 232 184
3 mm 234 184 mm 235 184 mm 236 184
4 mm 238 184 mm 239 184 mm 240 183 mm 242 183
3 mm 246 183 mm 250 183 mm 255 181
3 mm 260 179 mm 265 176 mm 268 172
3 mm 270 168 mm 271 163 mm 271 158
4 mm 271 154 mm 270 151 mm 268 148 mm 266 144
8 mm 266 140 mm 266 136 mm 266 132 mm 266 128 mm 266 125 mm 266 122 mm 266 120 mm 266 118
0
1 mm 264 117
2 kd 119 264 117 ku 97 264 117
0
0
0
0
0
0
1 ku 119 264 117
0
2 mm 262 117 mm 261 117
2 mm 260 117 mm 259 117
0
3 mm 259 116 mm 259 114 mm 259 112
2 mm 259 110 mm 259 109
1 mm 259 108
0
0
0
0
0
0
0
0
0
0
0
1 mm 260 112
4 mm 260 115 mm 260 118 mm 260 121 mm 260 122
1 mm 260 123
0
2 mm 260 125 mm 260 126
3 mm 260 128 mm 259 130 mm 258 133
4 mm 258 136 mm 257 139 mm 257 141 mm 257 143
2 mm 257 145 mm 257 146
1 mm 257 147
1 kd 100 257 147
1 mm 257 148
0
1 mm 257 149
1 mm 257 150
4 mm 257 151 ku 100 259 153 mm 258 152 mm 259 153
2 mm 261 157 mm 263 159
4 mm 265 160 mm 267 161 mm 269 162 mm 270 163
3 mm 272 163 mm 273 163 mm 274 163
3 mm 276 163 mm 277 163 mm 280 163
3 mm 284 164 mm 289 167 mm 294 170
4 mm 300 175 mm 305 180 mm 309 185 mm 313 189
3 mm 316 192 mm 319 194 mm 321 195
2 mm 322 195 mm 323 195
1 mm 324 195
2 mm 325 195 mm 326 195
3 mm 327 196 mm 330 197 mm 332 198
4 mm 334 200 mm 337 201 mm 339 203 mm 341 205
3 mm 343 207 mm 346 209 mm 349 212
3 mm 352 215 mm 356 219 mm 360 223
4 mm 365 227 mm 370 233 mm 376 239 mm 381 246
4 mm 385 253 kd 100 391 267 mm 388 260 mm 391 267
3 mm 394 273 mm 396 280 mm 397 286
3 mm 399 291 mm 400 294 mm 401 296
4 mm 402 297 mm 404 297 mm 405 297 mm 407 297
3 mm 409 297 mm 412 297 mm 414 296
4 mm 416 294 ku 100 420 291 mm 418 292 mm 420 291
4 mm 421 289 mm 422 287 mm 422 286 mm 423 285
1 mm 424 285
3 mm 424 284 mm 425 284 mm 426 283
2 mm 427 283 mm 428 283
3 mm 429 283 mm 430 283 mm 432 283
4 mm 434 283 kd 115 442 285 mm 437 284 mm 442 285
3 mm 446 285 mm 451 285 mm 456 285
5 mm 461 284 mm 468 281 ku 115 483 271 mm 475 277 mm 483 271
3 mm 490 264 mm 497 257 mm 502 249
3 mm 508 241 mm 512 234 mm 516 227
4 mm 520 220 mm 523 214 mm 525 210 mm 527 207
3 mm 528 206 mm 529 205 mm 531 205
3 mm 532 205 mm 534 205 mm 537 205
4 mm 541 205 mm 546 206 mm 552 207 mm 557 207
3 mm 561 208 mm 565 208 mm 567 208
2 mm 568 208 mm 568 209
3 mm 568 211 mm 569 213 mm 571 217
3 mm 573 222 mm 576 227 mm 581 233
3 mm 585 237 mm 591 240 mm 596 243
4 mm 601 244 mm 604 245 mm 607 246 mm 609 246
2 mm 613 246 mm 614 247
2 mm 615 247 mm 616 247
0
3 mm 616 245 mm 616 242 mm 614 239
4 mm 611 235 mm 607 230 mm 603 226 mm 598 223
2 mm 585 215 mm 578 211
4 mm 571 207 mm 565 202 mm 558 197 mm 552 193
4 mm 545 189 kd 115 531 184 mm 538 186 mm 531 184
3 mm 524 183 mm 516 182 mm 508 182
3 mm 500 182 mm 492 182 mm 485 182
4 mm 478 182 mm 471 182 mm 466 182 mm 460 182
3 mm 455 181 mm 451 180 mm 447 180
3 mm 443 179 mm 439 179 mm 435 179
4 mm 430 179 mm 425 178 mm 419 177 mm 412 174
3 mm 405 171 mm 398 168 mm 389 164
11 mm 381 160 mm 372 156 mm 362 151 mm 352 147 mm 342 144 mm 333 141 mm 325 138 mm 318 137 mm 312 136 ku 115 312 136 kd 97 312 136
0
3 mm 296 137 mm 293 138 mm 289 140
3 mm 285 143 mm 281 146 mm 276 149
3 mm 271 152 mm 266 154 mm 261 157
3 mm 255 159 mm 249 161 mm 243 163
4 mm 237 165 mm 231 167 mm 226 170 mm 220 172
4 mm 215 175 kd 115 206 179 mm 210 177 mm 206 179
3 mm 202 180 mm 199 181 mm 197 181
4 mm 195 182 mm 194 182 mm 193 182 mm 192 182
3 mm 191 182 mm 190 182 mm 189 182
4 mm 188 182 mm 186 180 mm 184 178 mm 182 175
2 mm 180 172 mm 177 168
4 mm 174 164 mm 172 160 mm 170 157 mm 168 155
3 mm 166 153 mm 165 152 mm 164 151
5 mm 162 151 mm 160 150 ku 97 155 150 mm 157 150 mm 155 150
3 mm 152 150 mm 150 150 mm 148 150
3 mm 146 150 mm 145 150 mm 144 152
3 mm 143 153 mm 142 155 mm 141 157
5 mm 140 160 ku 115 140 167 mm 140 162 mm 140 164 mm 140 167
3 mm 140 169 mm 140 171 mm 140 172
2 mm 140 173 mm 140 174
1 mm 140 175
4 mm 141 176 mm 142 176 mm 143 177 mm 144 178
3 mm 146 179 mm 147 180 mm 149 181
4 mm 150 183 mm 151 184 mm 151 185 kd 115 151 185
3 mm 152 186 mm 152 187 mm 154 188
3 mm 156 188 kd 97 157 189 mm 157 189
3 mm 158 189 mm 160 189 mm 162 189
4 mm 164 189 mm 166 189 mm 167 189 mm 169 189
1 mm 170 189
3 mm 171 189 ku 97 171 190 mm 171 190
0
1 ku 115 171 190
0
0
0
0
0
0
0
1 kd 115 171 190
0
0
0
1 ku 115 171 190
1 mm 172 190
5 mm 173 190 mm 174 190 mm 175 190 mm 176 190 mm 176 191
0
1 mm 176 192
0
0
2 mm 176 193 mm 176 194
5 mm 176 195 mm 176 196 mm 176 198 mm 176 199 kd 100 176 199
3 mm 175 200 mm 175 201 mm 175 202
2 mm 175 203 mm 175 204
1 mm 175 205
2 mm 175 206 mm 175 207
5 mm 175 209 mm 176 212 mm 179 215 ku 100 182 219 mm 182 219
2 mm 191 229 mm 198 236
3 mm 206 242 mm 214 249 mm 224 255
3 mm 235 260 mm 246 266 mm 257 271
5 mm 267 275 mm 277 278 mm 284 280 kd 115 289 282 mm 289 282
2 mm 293 283 mm 294 283
0
0
2 mm 293 283 mm 287 283
4 mm 284 283 mm 281 283 mm 277 283 mm 273 283
3 mm 270 284 ku 115 267 284 mm 267 284
4 mm 265 284 mm 263 284 mm 263 285 mm 262 286
4 mm 262 287 mm 262 288 mm 262 289 mm 262 290
2 mm 262 291 mm 262 293
3 mm 262 294 mm 262 295 mm 263 296
3 mm 263 297 mm 264 297 mm 265 298
3 mm 266 298 mm 266 299 mm 267 299
0
3 mm 267 298 mm 267 295 mm 266 292
3 mm 264 289 mm 263 286 mm 262 284
3 mm 261 282 mm 260 280 mm 259 278
2 mm 258 277 mm 258 276
0
1 kd 119 258 276
0
0
0
0
0
0
0
3 mm 259 276 mm 263 276 mm 268 276
3 mm 274 276 mm 282 275 mm 290 274
4 kd 100 315 269 mm 299 273 mm 307 272 mm 315 269
3 mm 321 266 mm 326 263 mm 330 258
4 mm 332 254 mm 333 250 mm 334 245 mm 334 241
3 mm 333 236 mm 332 232 mm 329 227
4 mm 326 224 ku 100 320 217 mm 323 220 mm 320 217
4 mm 317 214 mm 314 211 mm 310 208 mm 307 206
3 mm 304 204 mm 301 203 mm 298 201
3 mm 296 201 mm 293 201 mm 290 200
4 mm 286 200 mm 281 200 mm 276 200 mm 270 200
5 mm 265 201 mm 260 202 mm 255 203 mm 251 203 mm 248 204
0
2 mm 243 205 mm 242 205
0
4 mm 240 205 mm 239 205 mm 237 205 mm 236 205
1 mm 234 205
5 mm 233 205 mm 231 205 mm 229 205 mm 226 205 mm 223 206
3 mm 220 206 mm 216 208 mm 212 209
5 mm 208 211 mm 204 212 kd 97 196 216 mm 200 214 mm 196 216
3 mm 193 219 mm 189 221 mm 186 224
2 mm 180 228 mm 177 231
4 mm 175 233 mm 172 235 mm 170 237 mm 169 239
3 mm 167 240 mm 165 241 mm 164 242
2 mm 163 242 mm 162 242
3 mm 161 242 mm 160 241 mm 158 238
3 mm 156 234 mm 153 229 mm 150 222
3 mm 146 215 mm 144 210 mm 141 205
3 mm 138 199 mm 136 195 mm 134 191
4 mm 132 186 mm 130 181 mm 128 177 mm 127 172
3 mm 125 169 mm 123 166 mm 122 164
2 mm 121 163 mm 121 162
0
1 ku 97 121 162
0
2 mm 120 162 mm 119 162
3 mm 118 162 mm 117 162 mm 115 162
4 ku 119 110 164 mm 114 162 mm 112 163 mm 110 164
3 mm 109 165 mm 107 166 mm 106 167
0
1 kd 119 106 167
0
0
0
0
2 mm 105 167 mm 105 168
5 mm 104 169 mm 104 170 mm 103 171 mm 103 173 ku 119 103 173
3 mm 103 174 mm 103 175 mm 103 176
3 mm 104 178 mm 104 179 mm 105 181
3 mm 106 183 mm 107 184 mm 108 185
4 mm 109 187 mm 110 187 mm 112 188 mm 113 189
2 mm 114 190 mm 115 190
1 mm 116 190
0
0
1 kd 97 116 190
0
0
0
0
0
1 ku 97 116 190
0
0
1 kd 100 116 190
0
0
1 ku 100 116 190
0
0
1 kd 115 116 190
0
1 mm 116 191
0
2 ku 115 116 191 kd 97 116 191
0
0
0
0
0
1 kd 115 116 191
0
0
0
0
1 mm 117 191
1 ku 97 117 191
5 mm 118 191 mm 120 190 mm 122 188 kd 97 124 185 mm 124 185
3 mm 126 181 mm 128 177 mm 129 172
4 mm 130 167 mm 132 161 mm 132 156 mm 132 152
5 mm 132 148 mm 132 145 mm 131 142 ku 115 130 140 mm 130 140
2 mm 129 139 mm 129 138
0
0
0
1 kd 115 129 138
3 mm 130 138 ku 97 131 139 mm 131 139
3 mm 132 139 ku 115 133 140 mm 133 140
4 mm 134 140 mm 136 141 mm 138 141 mm 140 142
3 mm 144 143 mm 148 143 mm 154 144
3 mm 160 144 mm 167 145 mm 175 146
5 mm 183 147 mm 190 148 kd 115 204 152 mm 198 150 mm 204 152
3 mm 209 153 mm 214 153 mm 218 154
3 mm 221 154 mm 224 154 mm 226 154
4 mm 228 153 mm 230 152 mm 231 151 mm 233 149
3 mm 234 146 mm 234 144 mm 235 142
4 mm 235 140 mm 236 139 ku 115 236 138 mm 236 138
1 mm 236 137
2 mm 236 136 mm 235 136
2 mm 235 135 mm 234 135
2 mm 233 135 mm 232 135
1 mm 231 134
2 mm 230 134 mm 229 134
0
0
4 mm 227 134 mm 226 135 mm 224 137 mm 222 139
3 mm 220 142 mm 218 145 mm 215 148
4 kd 115 206 157 mm 212 151 mm 209 154 mm 206 157
4 mm 204 159 mm 202 162 mm 200 164 mm 198 166
3 mm 196 168 mm 195 170 mm 193 173
3 mm 192 175 mm 190 179 mm 187 183
5 mm 185 187 mm 182 192 ku 115 178 202 mm 180 197 mm 178 202
2 mm 176 208 mm 174 215
5 mm 172 222 mm 170 229 mm 168 236 kd 97 166 244 mm 166 244
2 mm 164 258 mm 163 263
3 mm 163 268 mm 163 271 mm 163 273
2 mm 163 274 kd 115 163 274
0
3 mm 163 273 mm 163 270 mm 164 265
3 mm 164 261 mm 164 256 mm 165 252
4 mm 165 248 mm 165 245 ku 115 165 242 mm 165 242
5 mm 165 239 mm 165 237 ku 97 165 233 mm 165 235 mm 165 233
1 mm 165 232
0
3 mm 166 234 mm 167 236 mm 168 240
4 mm 170 244 kd 115 174 252 mm 172 248 mm 174 252
3 mm 176 255 mm 178 257 mm 179 258
1 mm 179 259
0
0
3 mm 179 257 mm 179 256 mm 179 255
3 mm 179 254 mm 179 253 mm 179 251
3 mm 179 249 mm 179 247 mm 179 245
3 mm 178 244 mm 178 243 mm 178 242
0
0
1 ku 115 178 242
0
0
0
0
0
0
0
0
0
0
0
0
3 mm 179 241 mm 180 240 mm 182 238
3 mm 185 236 mm 187 233 mm 191 229
3 mm 195 224 mm 199 217 mm 204 211
4 mm 209 204 mm 213 197 mm 217 190 mm 221 184
3 mm 225 177 mm 229 171 mm 233 164
4 mm 236 158 mm 239 152 kd 115 241 147 mm 241 147
4 mm 243 143 kd 97 247 136 mm 245 139 mm 247 136
4 mm 248 133 mm 250 131 mm 252 128 mm 253 125
3 mm 254 122 mm 256 119 mm 257 116
4 mm 258 114 mm 260 112 ku 115 260 111 mm 260 111
2 mm 260 110 mm 261 110
0
0
0
1 ku 97 261 110
0
0
0
0
0
0
0
0
0
0
2 mm 260 110 mm 259 110
3 mm 258 110 mm 257 110 mm 256 111
4 mm 255 113 mm 254 114 mm 253 115 mm 251 116
3 mm 250 117 mm 249 118 mm 249 120
3 mm 248 121 mm 247 121 mm 247 122
2 mm 246 123 kd 100 246 123
0
1 mm 245 123
1 mm 245 124
2 mm 245 125 mm 244 125
4 mm 244 126 ku 100 243 127 mm 243 126 mm 243 127
2 mm 242 128 mm 241 128
2 mm 241 129 kd 100 241 129
0
1 kd 119 241 129
0
0
0
0
0
1 mm 241 130
3 mm 240 130 mm 240 131 mm 240 132
4 mm 240 133 mm 240 135 mm 240 137 mm 240 140
3 mm 242 144 mm 244 149 mm 246 154
3 mm 249 160 mm 252 166 mm 256 173
4 mm 260 181 mm 264 188 mm 267 195 mm 270 203
3 mm 274 210 mm 277 218 mm 281 225
6 mm 284 232 mm 288 238 mm 291 244 mm 294 249 mm 295 254 mm 297 257
0
4 mm 298 259 mm 298 263 ku 100 298 264 mm 298 264
3 mm 298 265 mm 298 266 mm 298 267
3 mm 298 268 mm 298 269 mm 298 270
3 mm 298 271 mm 298 272 mm 298 273
2 mm 298 274 mm 298 275
2 mm 298 276 mm 298 277
0
1 kd 100 298 277
1 mm 299 277
3 mm 301 277 mm 302 276 mm 303 274
3 mm 305 273 mm 308 270 mm 311 268
5 mm 314 266 mm 318 265 ku 100 328 262 mm 323 263 mm 328 262
3 mm 339 258 ku 119 345 258 mm 345 258
3 mm 350 256 mm 355 254 mm 359 253
4 mm 362 251 mm 365 250 mm 367 249 mm 368 247
2 mm 369 246 mm 369 245
1 mm 370 244
1 mm 370 243
0
2 kd 100 370 243 kd 119 370 243
0
0
2 mm 371 243 mm 372 243
1 mm 373 243
1 mm 374 244
5 mm 374 245 mm 374 246 mm 374 248 mm 374 250 ku 100 374 250
3 mm 374 252 mm 374 254 mm 374 256
4 mm 373 257 mm 373 259 mm 372 261 ku 119 372 261
4 mm 371 263 mm 370 265 mm 368 267 mm 365 269
3 mm 362 272 mm 358 276 mm 353 279
3 mm 349 283 mm 344 286 mm 340 289
4 mm 336 292 mm 333 294 mm 331 295 mm 329 296
1 mm 328 297
0
0
0
1 kd 100 328 297
0
0
0
0
0
0
0
2 mm 329 297 mm 330 297
3 mm 331 296 mm 332 295 mm 333 294
4 mm 333 293 kd 115 334 291 mm 334 292 mm 334 291
2 mm 335 290 mm 335 289
4 mm 335 288 mm 335 287 mm 334 286 mm 333 284
4 mm 332 283 mm 331 281 ku 100 330 279 mm 330 279
4 mm 329 277 mm 327 275 mm 326 272 mm 325 270
3 mm 323 268 mm 321 266 mm 319 264
3 mm 318 263 mm 317 262 mm 315 261
2 mm 314 260 mm 313 260
4 mm 312 259 mm 311 258 mm 309 258 mm 308 257
3 mm 307 257 mm 306 257 mm 304 257
4 mm 304 256 mm 303 256 mm 302 256 ku 115 302 256
0
3 mm 301 256 mm 301 255 mm 300 255
2 mm 300 254 mm 300 253
3 mm 300 252 mm 299 251 mm 299 249
3 mm 297 247 mm 296 245 mm 295 243
4 mm 294 241 mm 293 240 mm 292 239 mm 291 239
2 mm 290 238 mm 289 238
0
3 mm 289 237 mm 288 237 mm 287 235
4 mm 285 233 mm 284 232 sd 113 283 230 mm 283 230
3 mm 282 229 mm 281 228 mm 280 227
0
0
1 su 113 280 227
0
0
0
0
0
0
0
0
0
0
0
0
0
0
0
0
0
0
0
0
0
0
0
0
1 mm 279 227
4 mm 279 226 mm 279 223 mm 278 220 mm 277 215
2 mm 276 211 mm 275 206
10 mm 274 201 mm 273 195 mm 272 191 mm 271 187 mm 269 179 mm 268 175 mm 267 172 mm 266 169 mm 265 166 mm 264 163
5 mm 264 161 mm 263 158 mm 262 156 mm 262 154 mm 261 152
4 mm 261 150 mm 260 148 mm 260 146 mm 259 144
3 mm 259 141 mm 259 139 mm 259 137
3 mm 259 135 mm 259 133 mm 259 131
4 mm 259 129 mm 260 126 mm 260 124 mm 261 122
3 mm 262 120 mm 262 118 mm 262 117
2 mm 263 116 mm 263 115
0
0
0
0
0
0
0
0
0
0
0
1 mm 262 115
0
2 mm 261 114 mm 260 114
3 mm 259 113 mm 258 113 mm 257 112
3 mm 256 112 mm 255 111 mm 254 111
4 mm 252 111 mm 251 111 mm 250 111 mm 248 111
3 mm 246 111 mm 245 111 mm 243 111
3 mm 241 111 mm 239 111 mm 237 111
3 mm 235 111 mm 233 111 mm 231 111
3 mm 228 111 mm 227 111 mm 225 111
3 mm 224 110 mm 223 110 mm 221 110
3 mm 220 110 mm 218 110 mm 216 110
3 mm 213 109 mm 210 108 mm 206 107
4 mm 202 105 mm 198 103 mm 194 102 mm 190 100
3 mm 186 99 mm 182 98 mm 178 97
4 mm 174 95 mm 170 94 mm 166 94 mm 162 93
3 mm 158 92 mm 154 91 mm 150 90
3 mm 147 90 mm 144 89 mm 142 88
3 mm 140 88 mm 138 87 mm 137 87
4 mm 136 86 mm 135 86 kd 97 134 86 mm 134 86
4 mm 133 85 mm 132 85 mm 131 84 mm 130 84
4 mm 129 83 mm 128 82 mm 127 81 mm 126 80
3 mm 126 79 mm 125 78 mm 125 77
3 mm 124 75 mm 123 72 mm 122 70
3 mm 122 67 mm 121 64 mm 121 61
4 mm 120 58 mm 119 56 mm 119 54 mm 119 52
3 mm 119 49 mm 119 47 mm 119 46
3 mm 119 44 mm 119 43 mm 119 41
3 mm 119 39 mm 119 38 mm 119 37
2 mm 119 36 mm 120 35
1 mm 121 35
0
5 mm 122 36 mm 123 36 kd 119 123 39 mm 123 38 mm 123 39
3 mm 123 42 mm 124 45 mm 125 49
3 mm 125 53 mm 125 59 mm 125 65
4 mm 125 73 mm 125 82 mm 125 93 mm 125 104
3 mm 127 116 mm 129 129 mm 133 142
5 mm 138 155 mm 145 168 ku 97 157 192 mm 151 180 mm 157 192
3 mm 161 202 mm 165 211 mm 167 217
3 mm 169 222 mm 170 226 mm 170 228
3 mm 171 230 mm 171 232 mm 171 234
4 ku 119 174 244 mm 172 237 mm 173 241 mm 174 244
4 mm 176 248 mm 178 251 mm 179 253 mm 180 256
3 mm 181 259 mm 182 262 mm 182 266
4 mm 184 271 mm 185 276 mm 186 281 mm 188 286
3 mm 190 291 mm 192 296 mm 194 300
2 mm 196 302 mm 197 303
0
1 mm 198 303
2 mm 199 303 mm 200 304
1 mm 201 304
4 mm 202 304 mm 203 304 mm 204 304 mm 205 304
4 mm 206 303 kd 115 208 299 mm 207 301 mm 208 299
3 mm 210 296 mm 211 293 mm 212 291
3 mm 212 289 mm 212 288 mm 212 287
1 ku 115 212 287
0
0
0
0
1 kd 97 212 287
0
2 mm 211 286 mm 209 283
3 mm 206 278 mm 202 269 mm 198 259
4 mm 193 247 mm 188 233 mm 182 218 mm 176 202
3 mm 171 186 mm 166 170 mm 162 155
3 mm 159 141 mm 156 129 mm 155 119
3 mm 154 110 mm 152 102 mm 152 95
5 mm 151 90 mm 151 86 mm 150 82 mm 150 80 kd 119 150 80
3 mm 150 77 mm 149 75 mm 149 72
3 mm 148 70 mm 148 68 mm 148 67
4 mm 148 66 mm 148 64 mm 148 63 mm 147 62
1 mm 147 61
1 mm 147 60
0
0
0
0
0
0
3 mm 146 60 mm 146 61 mm 145 62
8 mm 144 63 mm 143 64 mm 142 65 mm 141 66 mm 140 67 mm 139 68 mm 138 69 mm 137 70
0
4 mm 136 72 mm 135 72 mm 135 73 mm 134 74
2 mm 133 75 mm 132 76
2 mm 131 77 mm 131 78
2 mm 130 78 mm 130 79
2 mm 129 80 mm 129 81
2 mm 128 81 mm 128 82
2 mm 128 83 mm 128 84
1 mm 128 85
3 mm 128 86 mm 128 87 mm 128 88
3 mm 128 89 mm 128 90 mm 128 91
2 mm 128 92 ku 97 128 92
2 mm 128 93 mm 128 94
2 mm 128 95 mm 128 96
0
0
3 mm 127 96 kd 97 126 96 mm 126 96
4 mm 125 96 mm 124 96 mm 124 95 mm 123 94
3 mm 123 92 mm 122 90 mm 121 89
3 mm 121 87 mm 120 86 mm 120 84
2 mm 120 83 mm 120 82
0
0
1 ku 97 120 82
0
1 kd 100 120 82
0
0
0
0
0
0
1 ku 100 120 82
0
1 kd 97 120 82
0
0
0
0
0
0
0
3 mm 121 81 mm 121 77 mm 122 73
5 mm 124 68 mm 125 62 mm 127 54 mm 130 47 mm 132 40
3 mm 134 34 mm 136 29 mm 138 25
3 mm 140 20 mm 141 16 mm 142 13
4 mm 143 11 mm 143 9 mm 143 7 mm 144 6
3 mm 144 4 mm 145 3 mm 146 2
3 mm 146 1 mm 147 0 mm 320 240
1 mm 321 240
0
1 mm 321 243
6 mm 321 247 mm 321 251 mm 322 255 mm 323 259 ku 97 323 262 mm 323 262
4 mm 323 266 mm 323 269 mm 323 272 mm 323 275
4 mm 324 279 mm 324 283 mm 324 286 mm 324 290
2 mm 325 294 mm 327 297
4 mm 329 300 mm 331 302 mm 332 303 mm 334 304
3 mm 336 304 mm 337 304 mm 340 304
4 mm 343 304 ku 119 354 302 mm 348 304 mm 354 302
4 mm 361 301 mm 369 300 mm 378 298 mm 389 295
3 mm 400 293 mm 409 291 mm 417 289
3 mm 422 286 mm 426 284 mm 428 280
3 mm 430 278 mm 430 276 mm 431 276
3 kd 119 434 276 mm 432 276 mm 434 276
3 mm 436 275 mm 439 275 mm 443 275
4 mm 447 275 mm 452 275 mm 456 275 mm 460 275
3 mm 464 275 mm 467 275 mm 470 274
3 mm 473 274 mm 475 274 mm 477 274
2 mm 478 274 mm 479 274
0
0
1 ku 119 479 274
0
0
0
4 mm 479 275 mm 479 276 mm 479 278 mm 478 279
3 mm 477 281 mm 477 283 mm 475 285
3 mm 474 288 mm 474 290 mm 473 293
5 mm 473 295 mm 473 297 mm 473 299 kd 115 472 301 mm 472 301
3 mm 472 302 mm 472 304 mm 471 305
3 mm 470 306 mm 470 307 mm 468 308
4 mm 467 308 mm 465 308 mm 462 308 mm 460 308
3 mm 457 308 mm 454 308 mm 451 308
3 mm 448 309 mm 445 310 mm 443 311
3 mm 442 312 mm 441 314 mm 440 316
3 mm 439 319 mm 438 323 mm 437 328
3 mm 437 335 mm 438 353 mm 440 363
5 mm 443 374 mm 447 386 mm 452 398 kd 100 458 412 mm 458 412
3 mm 465 426 mm 471 441 mm 477 453
4 mm 482 465 mm 487 476 mm 492 479 mm 320 240
4 mm 325 249 mm 330 258 mm 335 269 mm 340 279
3 mm 345 288 mm 350 297 mm 356 304
3 mm 362 310 mm 368 315 mm 374 320
5 mm 379 323 mm 385 326 ku 100 395 332 mm 390 329 mm 395 332
3 mm 400 335 mm 404 337 mm 408 339
4 mm 411 340 mm 414 342 mm 415 343 mm 417 344
2 mm 418 345 mm 418 346
2 mm 419 346 mm 419 347
5 mm 421 348 mm 422 350 mm 424 351 mm 426 353 mm 429 355
2 mm 431 357 mm 434 359
6 mm 438 362 mm 442 363 mm 446 365 mm 450 366 mm 454 367 mm 458 369
0
4 mm 463 370 mm 485 374 mm 491 374 mm 497 374
4 kd 100 509 368 mm 502 374 mm 506 371 mm 509 368
2 mm 512 363 mm 513 362
1 mm 513 361
0
0
3 mm 513 360 mm 512 360 mm 509 360
3 mm 507 360 mm 503 360 mm 498 360
3 mm 492 360 mm 486 361 mm 480 361
3 mm 473 361 mm 466 361 mm 458 362
4 mm 451 362 mm 445 362 mm 440 362 mm 436 362
3 mm 433 363 mm 432 363 mm 431 364
3 mm 430 364 mm 430 365 mm 429 365
0
0
0
0
1 mm 428 365
1 mm 427 365
4 mm 427 366 mm 426 366 mm 425 366 mm 425 367
2 mm 424 367 mm 424 368
2 mm 423 368 mm 423 369
0
2 mm 422 369 mm 421 370
4 mm 419 371 mm 418 371 mm 417 371 mm 415 372
3 mm 414 373 mm 412 374 mm 411 375
4 mm 409 376 mm 408 377 mm 407 378 mm 406 378
2 mm 405 379 mm 403 380
5 mm 402 380 mm 400 381 ku 100 397 381 mm 399 381 mm 397 381
3 mm 395 381 mm 394 381 mm 392 381
3 mm 390 381 mm 388 380 mm 386 379
4 mm 383 378 mm 380 376 mm 378 374 mm 375 372
4 mm 372 370 mm 369 368 mm 366 366 mm 364 365
3 mm 362 363 mm 360 362 mm 359 362
1 mm 358 362
0
4 ku 115 358 359 mm 358 361 mm 358 360 mm 358 359
1 mm 358 358
0
0
0
3 mm 359 358 mm 361 358 mm 362 358
3 mm 363 358 mm 365 358 sd 113 365 358
1 mm 366 358
0
0
1 su 113 366 358
0
0
0
0
0
0
0
0
0
0
0
0
0
0
0
0
0
3 mm 365 357 mm 364 357 mm 363 357
2 mm 362 357 mm 361 357
0
0
0
0
1 mm 361 356
0
0
0
0
0
3 mm 361 355 mm 360 353 mm 360 350
4 mm 360 346 mm 359 342 mm 358 337 mm 357 331
4 mm 356 324 mm 354 316 mm 353 307 mm 352 295
3 mm 351 282 mm 349 268 mm 349 254
4 mm 348 241 mm 347 230 mm 346 217 mm 345 205
4 mm 344 193 mm 344 183 mm 343 174 mm 343 166
4 mm 343 160 mm 343 155 mm 343 151 mm 343 148
4 mm 343 145 mm 343 142 mm 343 140 mm 343 138
3 mm 343 135 mm 343 133 mm 343 131
4 mm 343 129 mm 343 126 mm 343 123 mm 343 121
4 mm 344 118 mm 344 117 mm 344 116 mm 344 114
3 mm 344 113 mm 344 112 mm 344 111
2 mm 344 110 mm 344 109
1 mm 344 108
0
0
0
0
0
0
0
0
0
1 mm 345 108
0
0
0
0
0
0
0
0
0
0
0
0
0
0
0
0
0
0
0
0
0
1 kd 119 345 108
1 mm 345 106
4 mm 345 101 mm 345 96 mm 346 92 mm 346 86
3 mm 346 79 mm 346 74 mm 346 68
3 mm 346 63 mm 346 59 mm 346 54
4 mm 346 50 mm 346 46 mm 346 43 mm 346 41
3 mm 346 39 mm 346 37 mm 346 36
2 mm 346 35 mm 346 34
1 mm 346 33
1 mm 346 32
0
0
0
0
3 mm 346 31 mm 346 30 mm 346 29
2 mm 346 28 mm 347 27
3 mm 347 26 mm 347 25 mm 347 24
3 mm 347 23 mm 348 22 mm 348 21
1 mm 348 20
1 mm 348 19
0
0
0
0
0
2 mm 349 18 mm 351 18
4 mm 352 17 mm 354 16 mm 356 16 mm 357 16
0
0
0
1 mm 358 16
1 mm 358 15
0
0
0
0
0
0
0
0
0
0
0
0
1 mm 359 15
2 mm 360 15 mm 362 15
2 mm 363 15 mm 364 16
1 mm 365 16
1 mm 365 17
1 mm 366 19
3 mm 366 21 ku 119 366 22 mm 366 22
3 mm 367 23 mm 367 24 mm 367 25
3 mm 367 26 mm 367 27 mm 367 29
4 mm 367 30 mm 367 31 mm 367 32 mm 367 33
3 mm 367 34 mm 367 35 mm 367 36
3 mm 367 37 mm 367 38 mm 367 40
4 mm 367 41 mm 367 43 mm 367 45 mm 367 48
3 mm 367 50 mm 366 53 mm 366 56
3 mm 365 60 mm 364 63 mm 363 67
3 mm 362 71 mm 360 76 mm 359 80
5 mm 358 83 mm 357 87 kd 119 354 93 mm 355 90 mm 354 93
3 mm 353 96 mm 352 99 mm 350 103
4 mm 349 106 mm 347 109 mm 345 112 mm 343 115
3 mm 342 118 mm 340 120 mm 339 123
3 mm 338 124 mm 337 126 mm 336 127
3 mm 335 128 ku 119 335 129 mm 335 129
0
0
0
0
0
0
0
1 kd 119 335 129
0
1 kd 100 335 129
2 mm 334 129 mm 333 129
0
6 mm 329 130 mm 328 130 mm 327 130 mm 327 131 mm 326 131 mm 325 131
0
4 mm 323 132 ku 100 321 132 mm 322 132 mm 321 132
4 mm 320 132 mm 319 132 mm 319 133 mm 318 133
3 mm 317 133 mm 316 134 mm 315 134
3 mm 314 135 mm 313 135 mm 312 136
4 mm 311 137 mm 310 137 mm 309 137 mm 308 138
3 mm 307 138 mm 306 139 mm 305 139
3 mb 1 1 305 139 md 305 140 md 304 140
4 md 303 140 md 303 141 md 301 142 md 300 144
3 md 298 145 md 297 147 md 295 148
3 md 294 149 ku 119 293 150 md 293 150
3 md 292 151 md 292 152 md 292 153
3 md 291 154 md 290 155 md 290 156
3 md 289 157 md 288 158 md 288 159
3 md 287 160 md 287 162 md 286 163
3 md 286 164 md 286 165 md 285 166
1 md 285 167
3 md 285 168 md 284 168 md 284 169
2 md 284 170 md 284 171
4 md 284 172 md 283 172 kd 100 283 173 md 283 173
2 md 282 174 md 282 175
3 md 282 176 md 281 177 md 281 178
3 md 280 179 md 280 180 md 280 181
3 md 279 182 kd 115 279 183 md 279 183
0
0
0
1 md 278 183
0
2 md 277 183 ku 115 277 183
1 md 276 183
0
3 mb 1 0 276 183 mm 275 183 mm 274 183
1 mm 273 183
0
0
0
0
0
0
1 ku 100 273 183
0
0
0
1 kd 97 273 183
0
0
0
0
1 mm 272 183
2 mm 271 183 mm 270 183
2 ku 97 269 183 mm 269 183
1 mm 268 183
2 mm 267 183 mm 266 183
1 mm 265 183
2 mm 264 183 mm 263 183
2 mm 262 183 mm 261 183
3 mm 260 183 mm 259 183 mm 257 182
4 mm 256 181 mm 254 181 mm 252 180 mm 251 179
4 mm 250 179 mm 249 179 kd 119 248 178 mm 248 178
0
1 mm 247 178
0
0
2 mm 246 178 mm 245 178
3 mm 244 178 ku 119 243 178 mm 243 178
2 mm 242 178 mm 241 178
3 mm 240 178 mm 239 178 mm 238 178
4 mm 237 179 mm 236 179 mm 235 180 mm 234 180
3 mm 232 181 mb 1 1 232 181 md 231 182
0
0
0
0
0
0
0
0
0
0
0
0
0
0
0
0
0
0
0
0
0
0
0
0
0
0
0
0
0
0
0
0
1 kd 97 231 182
1 mb 1 0 231 182
0
0
0
0
1 ku 97 231 182
0
0
0
0
0
0
0
0
0
1 kd 97 231 182
0
0
0
0
0
0
0
0
0
0
0
0
0
0
0
0
0
0
1 mm 231 183
1 kd 115 231 183
0
1 mm 231 184
0
1 mm 231 185
0
1 mm 231 186
1 ku 115 231 186
0
0
0
0
1 ku 97 231 186
0
0
0
0
0
0
0
0
0
0
0
0
0
0
0
0
0
0
0
0
0
0
0
0
0
0
0
0
0
0
0
0
0
0
0
0
0
0
0
0
0
0
0
0
0
0
0
0
0
0
0
0
0
0
0
0
0
0
1 mm 232 186
4 mm 234 186 mm 236 186 mm 239 186 mm 243 185
3 mm 249 183 mm 257 181 mm 265 179
3 mm 272 175 mm 279 171 mm 285 166
4 mm 291 161 mm 297 156 mm 303 151 mm 308 146
3 mm 312 142 mm 315 140 mm 317 138
3 mm 318 136 mm 319 135 mm 320 134
4 mm 321 133 mm 322 132 mm 323 131 mm 324 130
2 mm 324 129 mm 325 128
0
0
0
0
0
1 mm 325 127
3 mm 324 126 mm 322 125 mm 319 124
4 mm 314 122 mm 308 120 mm 300 116 mm 292 112
2 mm 283 107 mm 273 102
4 mm 262 97 mm 252 93 mm 242 88 mm 233 83
3 mm 225 78 mm 219 73 mm 213 67
3 mm 209 61 mm 205 55 mm 203 49
4 mm 201 43 mm 200 36 mm 199 30 mm 199 22
3 mm 198 16 mm 197 10 mm 197 4
5 mm 196 0 mm 196 0 mm 195 0 mm 194 0 mm 320 240
3 mm 319 236 mm 318 233 mm 316 230
3 mm 314 227 mm 312 224 mm 309 222
3 mm 306 219 mm 303 218 mm 299 216
5 kd 119 285 209 mm 295 215 mm 291 213 mm 288 212 mm 285 209
3 mm 282 207 mm 280 205 mm 279 203
3 mm 277 202 mm 276 200 mm 276 199
3 mm 275 198 mm 275 197 mm 274 196
4 mm 274 195 mm 273 194 mm 272 193 mm 270 192
3 mm 269 192 mm 268 191 mm 267 191
1 mm 266 191
0
0
5 mm 266 189 mm 266 187 ku 119 264 183 mm 265 185 mm 264 183
2 mm 263 181 mm 262 179
4 mm 260 177 mm 258 175 mm 255 172 mm 253 169
3 mm 249 167 mm 246 165 mm 242 163
3 mm 237 161 mm 232 159 mm 225 158
4 mm 218 157 mm 210 157 mm 204 156 mm 198 156
3 mm 192 155 mm 188 155 mm 184 154
3 mm 180 154 mm 176 154 mm 171 154
5 mm 165 154 mm 157 154 kd 119 145 153 mm 150 154 mm 145 153
3 mm 144 151 mm 143 148 mm 143 147
3 mm 143 146 mm 142 146 mm 141 146
1 kd 97 141 146
0
0
0
0
0
2 ku 119 141 146 ku 97 141 146
0
1 mm 140 148
2 mm 131 152 mm 127 153
3 mm 126 152 mm 125 151 mm 121 148
4 mm 117 144 mm 113 141 mm 109 138 mm 106 135
4 mm 102 133 kd 97 97 129 mm 99 131 mm 97 129
5 mm 94 127 mm 92 125 mm 90 124 kd 119 89 122 mm 89 122
3 mm 88 121 mm 87 120 mm 85 119
3 mm 84 118 mm 83 117 mm 82 117
1 mm 81 116
0
0
0
3 mm 80 115 mm 79 114 ku 119 79 114
5 mm 78 113 mm 77 111 mm 76 110 mm 75 109 ku 97 75 109
4 mm 74 108 mm 73 107 mm 73 106 mm 73 105
1 mm 73 104
2 mm 73 103 mm 73 102
2 mm 73 101 mm 73 100
4 mm 73 98 mm 73 97 mm 73 96 mm 73 94
3 mm 74 93 mm 74 92 mm 74 91
2 mm 75 90 mm 75 89
4 mm 75 88 mm 76 88 kd 97 76 87 mm 76 87
4 mm 76 86 mm 76 85 mm 77 84 mm 77 83
3 mm 77 82 mm 77 81 mm 77 80
4 mm 77 78 kd 119 77 75 mm 77 77 mm 77 75
4 mm 78 73 mm 78 71 mm 79 69 mm 79 67
3 mm 80 65 mm 81 63 mm 82 61
3 mm 83 58 mm 85 56 mm 87 54
4 mm 88 52 mm 91 50 mm 94 49 mm 98 46
4 mm 103 44 ku 119 114 41 mm 109 42 mm 114 41
6 mm 118 39 mm 123 38 mm 128 37 ku 97 138 34 mm 133 35 mm 138 34
4 mm 143 33 mm 149 32 mm 155 32 mm 160 31
4 mm 166 31 mm 171 30 mm 176 30 mm 180 30
2 mm 184 30 mm 187 30
5 mm 189 30 mm 190 29 mm 191 29 mm 192 29 mm 193 29
0
1 kd 97 193 29
2 kd 119 194 28 mm 194 28
2 mm 194 27 mm 194 26
4 mm 194 25 mm 194 23 mm 194 22 mm 194 20
3 mm 194 18 mm 194 16 mm 194 14
5 mm 195 12 mm 195 9 mm 195 7 ku 97 195 4 mm 195 4
5 mm 195 2 mm 195 0 mm 195 0 mm 195 0 mm 320 240
1 mm 320 239
1 mm 320 238
0
1 mm 320 237
3 mm 321 237 ku 119 321 236 mm 321 236
1 mm 322 236
1 mm 323 235
3 mm 324 235 mm 325 235 mm 325 234
1 mm 326 234
3 mm 327 233 kd 119 328 233 mm 328 233
2 mm 329 232 mm 330 231
2 mm 331 231 mm 332 230
2 mm 333 230 mm 334 229
4 mm 335 228 mm 337 228 mm 338 227 mm 339 227
3 mm 341 226 mm 343 226 mm 345 225
4 mm 348 224 mm 350 224 mm 352 223 mm 355 222
3 mm 358 222 mm 361 221 mm 364 221
3 mm 366 221 mm 369 221 mm 372 221
3 mm 374 220 mm 376 220 mm 378 220
4 mm 379 220 mm 380 220 mm 382 220 mm 383 220
2 mm 384 220 mm 385 220
4 mm 386 220 kd 97 388 220 mm 387 220 mm 388 220
0
1 mm 389 220
1 mm 390 220
0
2 mm 391 220 ku 97 391 220
1 ku 119 391 220
1 mm 392 220
1 mm 393 220
0
1 mm 394 220
0
0
0
0
0
1 kd 119 394 220
0
0
0
0
0
0
0
0
2 mm 392 221 mm 390 221
2 mm 385 221 mm 383 221
4 mm 381 221 mm 379 221 mm 378 221 mm 377 221
3 ku 119 375 221 mm 376 221 mm 375 221
1 mm 374 221
1 mm 373 221
2 mm 372 221 mm 371 221
3 mm 370 221 mm 369 221 mm 368 221
3 mm 367 221 mm 365 221 mm 363 221
4 mm 361 221 mm 359 221 mm 356 221 mm 354 221
3 mm 350 221 mm 346 221 mm 342 221
3 mm 338 221 mm 333 221 mm 329 221
4 mm 325 221 mm 322 221 mm 319 221 mm 317 221
3 mm 315 221 mm 314 221 mm 312 221
4 mm 311 221 mm 309 221 mm 308 221 mm 307 221
2 mm 306 221 mm 305 221
1 mm 304 221
1 kd 97 304 221
1 mm 303 221
0
0
0
1 kd 115 303 221
0
0
1 mm 302 221
3 mm 301 221 mm 300 221 mm 299 221
2 mm 298 221 mm 297 221
1 mm 296 221
2 mm 295 221 ku 97 295 221
1 ku 115 295 221
0
0
0
0
0
0
0
0
0
0
0
0
0
1 kd 119 295 221
0
0
0
0
0
0
0
1 kd 97 295 221
0
2 mm 294 221 mm 293 220
4 mm 293 218 mm 292 217 mm 291 215 mm 290 214
3 mm 288 212 mm 287 211 mm 286 209
3 mm 285 208 mm 284 207 mm 283 206
5 mm 282 204 mm 281 203 ku 97 279 201 mm 279 201 ku 119 279 201
4 mm 278 199 mm 277 197 mm 276 196 mm 275 195
3 mm 275 193 mm 274 192 mm 273 191
2 mm 273 189 mm 273 188
2 mm 272 188 mm 272 187
1 mm 272 186
1 mm 272 185
1 mm 272 184
1 mm 272 183
1 mm 272 182
0
0
1 kd 100 272 182
0
0
0
0
1 kd 115 272 182
0
0
0
0
0
2 mm 273 182 ku 115 273 182
0
0
0
0
1 kd 119 273 182
0
0
1 ku 100 273 182
1 mm 274 183
2 mm 274 184 mm 274 185
1 mm 274 186
0
3 mm 274 187 mm 275 187 mm 275 188
1 mm 275 189
4 mm 275 190 mm 276 190 mm 276 191 mm 276 192
4 mm 277 193 mm 277 194 mm 278 196 mm 280 198
2 mm 282 201 mm 284 204
5 mm 288 207 mm 292 211 mm 297 215 mm 303 220 ku 119 303 220
3 mm 310 224 mm 318 228 mm 326 232
4 mm 334 235 mm 341 238 mm 347 240 mm 352 241
3 mm 355 242 mm 357 242 mm 358 242
1 mm 359 242
3 mm 360 242 mm 361 242 mm 364 241
3 mm 367 240 mm 370 239 mm 373 237
3 mm 376 235 mm 378 234 mm 380 232
3 mm 382 230 mm 383 229 mm 384 228
2 mm 384 227 mm 385 226
0
0
0
0
0
0
0
0
0
0
0
0
0
0
0
0
0
0
0
0
0
0
0
0
0
0
0
0
0
0
0
0
0
0
0
0
0
0
0
0
0
0
0
0
0
0
2 mm 384 225 mm 380 225
5 mm 375 225 mm 368 225 kd 97 347 225 mm 358 225 mm 347 225
3 mm 335 225 mm 323 225 mm 310 225
3 mm 297 225 mm 285 226 mm 273 226
4 mm 260 227 mm 248 229 mm 236 231 mm 224 235
3 mm 214 238 mm 204 241 mm 195 245
3 mm 188 249 mm 181 252 mm 175 255
3 mm 170 258 mm 165 260 mm 161 262
4 mm 158 264 mm 156 266 mm 154 268 mm 153 269
4 mm 152 270 mm 152 271 kd 119 151 271 mm 151 271
1 mm 151 272
1 mm 150 272
0
1 mm 150 273
4 mm 149 273 mm 148 274 mm 148 275 mm 147 275
2 mm 146 276 mm 145 277
1 mm 144 278
1 mm 144 279
0
0
0
2 ku 97 144 279 ku 119 144 279
1 mb 1 1 144 279
1 kd 100 144 279
1 mb 1 0 144 279
0
0
0
1 kd 115 144 279
0
0
2 mm 144 280 mm 144 281
4 mm 143 283 mm 143 284 mm 143 285 mm 143 286
3 mm 143 288 mm 142 289 mm 142 290
3 mm 142 291 mm 142 292 mm 142 293
2 mm 142 294 mm 141 295
1 mm 141 296
2 mm 141 297 mm 141 298
4 mm 140 299 mm 140 300 mm 140 301 mm 139 302
3 mm 139 303 ku 100 138 304 mm 138 304
2 mm 138 305 mm 138 306
2 mm 138 307 mm 138 308
2 mm 137 309 kd 97 137 309
1 mm 137 310
3 mm 136 311 mm 136 312 mm 136 313
2 mm 135 313 mm 134 314
3 mm 134 315 mm 134 316 mm 134 317
2 mm 133 317 mm 133 318
3 mm 132 319 mm 132 320 mm 132 321
2 mm 131 321 mm 131 322
2 mm 131 323 mm 130 323
1 mm 130 324
1 mm 130 325
1 ku 115 130 325
1 mm 130 326
0
0
0
0
2 mm 129 327 ku 97 129 327
0
1 kd 97 129 327
0
0
0
0
0
1 mm 129 328
2 mm 129 329 kd 115 129 329
0
0
0
1 ku 115 129 329
0
1 mm 129 330
1 mm 129 331
4 mm 129 332 mm 130 333 mm 131 335 mm 132 337
4 mm 133 339 mm 134 342 mm 135 344 mm 137 347
3 mm 138 349 mm 140 352 mm 142 355
3 mm 144 358 mm 146 361 mm 148 364
3 mm 150 367 mm 152 370 mm 154 373
5 mm 157 376 mm 159 378 mm 161 380 mm 162 382 kd 119 162 382
3 mm 164 384 mm 165 385 mm 166 386
1 mm 167 387
0
0
0
0
0
3 ku 119 168 387 mm 168 387 ku 97 168 387
0
3 mm 168 386 mm 168 383 mm 169 380
3 mm 170 376 mm 171 371 mm 173 365
3 mm 175 360 mm 177 355 mm 179 350
4 mm 181 345 mm 184 339 mm 187 332 mm 189 325
3 mm 192 320 mm 194 315 mm 196 310
3 mm 198 305 mm 200 300 mm 203 295
3 mm 207 287 mm 208 285 mm 209 283
2 mm 211 281 mm 211 280
1 mm 212 279
0
0
0
0
0
0
0
0
0
0
0
0
2 mm 211 279 mm 210 279
0
0
1 kd 97 210 279
0
0
0
1 mm 209 279
1 mm 208 279
0
0
1 mm 207 279
1 ku 97 207 279
0
0
0
0
0
0
0
0
0
0
0
0
0
0
0
0
0
0
0
0
0
0
0
0
0
1 mm 206 279
0
0
0
0
0
0
0
0
0
0
0
0
0
0
0
0
0
0
0
0
0
0
0
0
0
0
0
0
0
0
1 mm 205 279
1 mm 204 280
0
0
0
0
0
0
0
0
0
0
0
0
0
0
0
0
0
0
0
0
0
0
0
0
0
1 mm 203 280
0
0
0
0
0
0
0
0
0
0
0
0
0
0
0
0
0
0
0
1 kd 97 203 280
0
2 mm 202 280 mb 1 1 202 280
0
1 mb 1 0 202 280
0
1 kd 115 202 280
1 ku 97 202 280
0
0
0
0
2 mm 201 280 mm 200 280
3 ku 115 198 280 mm 199 280 mm 198 280
0
0
0
0
0
0
0
0
0
0
0
1 kd 100 198 280
0
0
0
0
0
0
1 kd 119 198 280
0
1 ku 100 198 280
0
0
1 ku 119 198 280
0
0
0
0
0
0
0
0
0
0
0
0
0
0
0
0
0
0
0
0
0
0
0
0
0
3 mm 197 281 mm 196 281 mm 195 281
1 mm 194 281
0
0
0
0
0
0
0
0
0
0
0
0
0
0
0
0
0
0
0
0
0
0
0
0
0
0
0
0
0
1 kd 97 194 281
0
0
2 mm 193 281 mm 193 277
3 mm 192 272 mm 191 266 mm 190 260
4 mm 190 254 mm 190 248 mm 190 243 mm 190 238
3 mm 190 233 mm 190 229 mm 190 225
4 mm 190 221 mm 190 218 mm 190 216 mm 190 213
3 mm 190 211 mm 190 209 mm 190 206
3 mm 190 204 mm 190 203 mm 190 202
2 mm 190 201 mm 190 200
4 mm 190 199 mm 190 198 mm 190 197 mm 190 196
3 mm 190 195 mm 190 194 mm 190 193
3 mm 190 192 mm 191 191 mm 191 190
1 mm 192 189
4 mm 193 188 mm 194 188 mm 196 187 mm 197 186
4 mm 200 184 ku 97 203 183 mm 201 184 mm 203 183
1 mm 204 183
0
0
0
0
0
0
0
0
0
0
2 mm 205 183 mm 206 183
1 mm 207 183
2 mm 208 183 kd 119 208 183
1 mm 209 183
1 mm 209 184
0
0
1 ku 119 209 184
0
0
0
0
0
0
0
0
0
0
0
0
3 mm 209 185 mm 210 186 mm 210 187
2 mm 210 188 mm 211 188
1 mm 211 189
2 mm 211 190 mm 211 191
1 mm 211 192
2 kd 97 211 192 kd 119 211 192
0
0
0
0
1 ku 97 211 192
0
0
0
0
1 kd 100 211 192
0
1 ku 100 211 192
0
0
0
3 mm 211 193 mm 211 194 ku 119 211 194
0
0
0
0
2 mm 211 195 mm 211 196
1 mm 211 197
2 mm 211 198 mm 211 199
2 mm 211 200 mm 211 201
2 mm 211 202 mm 211 203
3 mm 211 204 mm 211 205 mm 211 206
2 mm 211 207 mm 211 208
3 mm 211 209 mm 212 209 mm 212 210
2 mm 212 211 mm 212 212
3 mm 212 213 mm 212 214 mm 212 215
4 mm 212 217 mm 212 218 mm 212 219 mm 212 221
3 mm 212 223 mm 212 225 mm 213 227
4 mm 213 229 mm 213 232 mm 213 234 mm 213 237
3 mm 213 240 mm 213 244 mm 213 247
4 mm 214 250 mm 215 253 mm 215 257 mm 216 261
4 mm 216 265 mm 217 269 mm 217 272 mm 217 275
3 mm 218 278 mm 218 280 mm 219 282
4 mm 219 284 mm 220 286 mm 220 289 mm 221 292
3 mm 221 295 mm 222 297 mm 223 300
4 mm 224 302 mm 225 304 mm 225 307 mm 227 310
3 mm 227 312 mm 228 315 mm 229 317
3 mm 229 318 mm 229 319 mm 229 320
1 mm 229 321
1 mm 229 322
0
0
0
0
0
0
0
0
0
0
0
1 mm 230 322
3 mm 232 323 mm 234 324 mm 236 325
3 mm 238 325 mm 241 326 mm 243 326
4 mm 246 327 mm 249 327 mm 251 327 mm 254 327
3 mm 257 327 mm 261 327 mm 266 326
3 mm 272 325 mm 279 322 mm 287 319
3 mm 296 315 mm 306 311 mm 316 308
3 mm 326 305 mm 337 302 mm 347 300
4 mm 357 298 mm 367 296 mm 377 295 mm 386 294
2 mm 395 294 mm 403 293
2 mm 411 292 mm 427 287
0
0
3 mm 427 288 mm 428 290 mm 428 292
3 mm 429 293 mm 429 295 mm 430 296
3 mm 430 297 mm 431 298 mm 432 299
2 mm 432 300 mm 433 300
2 mm 433 301 mm 434 301
2 kd 97 435 301 mm 435 301
2 kd 115 436 301 mm 436 301
0
0
0
1 mm 436 302
0
1 ku 97 436 302
1 kd 100 436 302
0
0
0
0
0
0
0
1 ku 100 436 302
0
0
0
0
0
0
2 mm 435 303 mm 434 304
5 mm 433 304 mm 432 304 mm 431 305 kd 100 430 305 mm 430 305
2 mm 429 305 mm 428 306
3 mm 427 306 mm 426 306 mm 426 307
1 mm 425 307
1 mm 424 307
1 ku 115 424 307
1 mm 424 308
0
0
0
0
3 mm 424 309 mm 424 310 mm 424 311
2 mm 425 312 mm 427 314
4 mm 430 317 mm 435 320 mm 442 324 mm 450 328
4 mm 460 332 ku 100 485 340 mm 472 336 mm 485 340
4 mm 498 343 mm 511 346 mm 524 347 mm 536 349
7 mm 546 350 mm 556 351 mm 565 352 mm 574 352 mm 582 352 mm 590 352 mm 597 352
0
5 mm 604 352 mm 632 354 mm 639 355 mm 639 356 mm 320 240
4 mm 327 241 mm 333 243 mm 338 243 kd 100 338 243
4 mm 343 243 mm 347 243 mm 350 244 mm 352 244
1 mm 353 244
1 kd 119 353 244
0
0
2 mm 351 244 mm 349 244
4 mm 345 243 mm 341 242 mm 337 240 mm 332 239
4 ku 100 317 234 mm 327 237 mm 322 236 mm 317 234
3 mm 311 233 mm 306 232 mm 301 231
4 mm 296 230 mm 291 230 mm 287 229 mm 283 229
3 mm 280 229 mm 277 228 mm 274 228
3 mm 272 228 mm 270 228 mm 269 228
5 mm 267 228 mm 266 227 ku 119 263 227 mm 264 227 mm 263 227
3 mm 262 227 mm 260 227 mm 259 226
2 mm 255 225 mm 253 225
4 mm 251 224 mm 248 223 mm 246 223 mm 242 221
3 mm 239 220 mm 235 219 mm 231 218
3 mm 227 217 mm 223 216 mm 219 215
3 mm 215 214 mm 211 212 mm 207 211
4 mm 202 210 mm 198 208 mm 193 207 mm 189 205
3 mm 184 204 mm 179 202 mm 175 201
3 mm 170 200 mm 165 199 mm 161 198
4 mm 156 197 mm 152 196 mm 147 195 mm 143 194
4 mm 139 193 mm 135 192 kd 119 132 191 mm 132 191
3 mm 130 191 mm 129 190 mm 128 190
2 mm 127 189 mm 126 189
0
0
0
1 mm 126 188
4 mm 127 187 mm 128 187 ku 119 129 186 mm 129 186
3 mm 131 185 mm 133 183 mm 137 182
3 mm 141 180 mm 146 178 mm 152 176
4 mm 158 174 mm 164 171 mm 170 168 mm 175 166
3 mm 179 165 mm 184 163 mm 187 162
4 mm 190 161 mm 193 160 mm 196 159 mm 198 158
2 mm 200 158 mm 203 157
4 mm 205 156 mm 209 154 mm 213 153 mm 217 153
4 mm 221 152 mm 224 152 mm 225 152 mm 226 152
0
1 kd 100 226 152
3 mm 227 152 mm 228 151 mm 230 151
4 mm 231 150 mm 233 149 mm 235 148 mm 237 147
4 kd 119 241 146 mm 238 147 mm 240 146 mm 241 146
2 mm 242 145 mm 243 144
2 mm 244 143 mm 244 142
4 mm 244 141 mm 245 140 mm 245 138 mm 246 137
3 mm 246 136 mm 246 135 mm 246 134
2 mm 246 133 mm 246 132
2 mm 246 131 mm 246 130
2 mm 246 129 mm 246 128
2 mm 247 128 mm 247 127
0
1 mm 247 126
0
3 ku 119 248 125 mm 247 125 mm 248 125
4 mm 248 124 ku 100 248 121 mm 248 123 mm 248 121
3 mm 249 120 mm 249 119 mm 249 118
4 mm 249 117 mm 249 116 mm 249 114 mm 248 112
4 mm 247 111 kd 97 244 107 mm 246 109 mm 244 107
4 mm 243 105 mm 242 103 kd 115 241 101 mm 241 101
3 mm 239 99 mm 238 98 mm 236 96
3 mm 235 95 mm 235 94 mm 234 94
2 mm 234 93 mm 233 93
2 ku 97 233 92 mm 233 92
2 mm 233 91 ku 115 233 91
3 mm 233 90 mm 233 89 mm 233 88
3 mm 234 87 kd 100 236 86 mm 236 86
4 mm 238 85 mm 241 84 mm 245 83 mm 248 82
3 mm 252 81 mm 255 80 mm 257 80
4 mm 259 79 mm 261 79 mm 262 78 mm 263 78
3 mm 264 77 mm 266 77 mm 266 76
2 mm 267 76 mm 268 75
2 mm 268 74 mm 269 74
1 mm 269 73
3 mm 269 72 mm 267 71 mm 265 69
3 mm 263 68 mm 261 66 mm 259 64
3 mm 257 62 mm 255 60 mm 254 60
3 mm 253 59 mm 252 58 mm 251 58
4 mm 251 57 mm 250 57 mm 250 56 mm 249 55
3 mm 249 54 mm 249 53 mm 248 53
3 mm 248 52 mm 247 52 mm 247 51
1 mm 246 51
3 mm 245 50 kd 119 244 50 mm 244 50
5 mm 243 50 mm 241 49 ku 100 237 49 mm 239 49 mm 237 49
3 mm 235 49 mm 232 48 mm 230 48
2 mm 225 47 mm 223 46
4 mm 221 46 mm 219 45 mm 217 45 ku 119 217 45
2 mm 212 44 mm 210 44
3 mm 208 44 mm 206 44 mm 203 43
3 mm 201 43 mm 198 43 mm 196 42
4 mm 193 42 mm 190 42 mm 188 41 mm 185 41
3 mm 183 41 mm 181 41 mm 179 41
3 mm 177 41 mm 174 40 mm 171 40
4 mm 167 40 mm 163 40 mm 159 39 mm 155 39
3 mm 150 39 mm 145 39 kd 97 145 39
8 mm 135 39 mm 130 39 mm 124 39 mm 120 39 mm 115 39 mm 111 39 mm 106 39 mm 102 38
0
5 mm 97 38 mm 91 38 mm 69 36 mm 61 35 mm 53 34
3 mm 46 34 mm 40 33 mm 35 33
3 mm 31 33 mm 28 33 mm 26 33
4 mm 24 33 mm 23 33 mm 22 33 mm 21 33
2 mm 20 33 mm 18 33
2 mm 16 33 mm 15 33
3 mm 14 33 mm 13 33 mm 12 33
3 mm 11 33 mm 10 33 mm 8 33
3 mm 6 33 mm 4 33 mm 2 33
5 mm 0 33 mm 0 33 mm 0 33 mm 0 33 mm 320 240
3 mm 317 241 mm 314 241 mm 312 242
4 mm 310 243 mm 308 244 kd 115 306 245 mm 306 245
3 mm 303 247 mm 301 249 mm 298 251
4 mm 294 254 mm 292 256 mm 289 259 mm 287 261
3 mm 284 263 mm 282 264 mm 279 266
3 mm 277 267 mm 275 268 mm 273 270
4 mm 271 271 mm 268 272 mm 265 273 mm 262 275
3 mm 259 277 mm 255 279 mm 251 282
4 mm 247 285 mm 243 288 ku 115 239 292 mm 239 292
3 mm 235 295 mm 231 297 mm 227 299
4 mm 223 300 mm 220 301 mm 217 302 mm 214 303
3 mm 211 304 mm 208 305 mm 205 306
3 mm 200 309 mm 199 310 mm 197 311
2 mm 195 312 mm 194 312
5 mm 193 312 mm 192 313 mm 191 313 mm 190 314 mm 190 315
1 mm 188 315
1 mm 188 316
0
1 mm 187 317
1 mm 187 318
1 mm 187 319
0
1 mm 187 320
4 mm 187 321 mm 187 322 mm 187 324 mm 187 326
3 mm 187 328 mm 187 331 mm 187 333
3 mm 187 335 mm 187 337 mm 187 338
4 mm 187 339 mm 187 340 mm 187 342 mm 187 343
2 mm 188 343 mm 188 344
1 mm 188 345
1 mm 188 346
0
0
0
0
1 kd 119 188 346
1 ku 97 188 346
0
3 mm 188 347 mm 188 348 mm 188 349
5 mm 188 350 mm 188 351 mm 188 352 kd 97 188 354 mm 188 354
3 mm 188 355 mm 188 356 mm 189 357
4 mm 189 358 mm 189 359 ku 119 189 360 mm 189 360
1 mm 189 361
1 mm 189 362
1 mm 189 363
2 ku 97 189 364 mm 189 364
3 mm 189 365 mm 189 366 mm 189 367
2 mm 189 368 mm 188 368
1 mm 188 369
2 mm 188 370 mm 188 371
2 mm 188 372 mm 188 373
2 mm 188 374 mm 187 375
5 mm 187 376 mm 186 377 mm 186 378 kd 97 185 379 mm 185 379
3 mm 184 380 mm 184 381 mm 183 381
3 mm 183 382 mm 182 382 mm 181 382
2 mm 180 382 mm 179 382
2 mm 178 382 mm 177 382
0
1 mm 176 382
1 kd 115 176 382
0
1 mm 175 383
2 mm 174 383 mm 173 384
1 mm 172 384
1 mm 172 385
3 mm 171 385 ku 115 171 386 mm 171 386
0
1 mm 171 387
0
4 mm 171 388 mm 170 388 mm 170 389 ku 97 170 389
1 mm 170 390
2 mm 170 391 mm 170 392
3 mm 170 394 mm 170 395 mm 170 396
4 mm 170 397 mm 170 398 mm 170 399 mm 170 400
3 mm 170 401 mm 170 403 mm 170 404
3 mm 170 406 mm 170 407 mm 170 408
2 mm 169 409 mm 169 410
4 mm 169 411 mm 169 412 kd 115 169 413 mm 169 413
3 mm 168 413 kd 97 168 414 mm 168 414
1 mm 168 415
1 mm 167 415
0
0
0
0
3 mm 166 415 ku 97 166 416 mm 166 416
1 mm 165 416
1 mm 165 417
3 mm 165 418 mm 164 418 mm 164 419
1 kd 100 164 419
1 ku 115 164 419
0
0
1 ku 100 164 419
0
0
0
1 kd 119 164 419
0
0
0
0
5 mm 164 421 mm 164 422 ku 119 164 426 mm 164 424 mm 164 426
4 mm 164 428 mm 164 430 mm 164 432 mm 164 434
3 mm 164 435 mm 164 437 mm 165 438
2 mm 165 439 mm 165 440
0
0
0
0
1 mm 165 441
0
2 mm 165 442 kd 115 165 442
1 mm 165 443
0
1 mm 165 444
1 mm 165 445
3 mm 165 446 mm 166 446 mm 166 447
4 mm 168 448 mm 170 450 kd 97 172 451 mm 172 451
3 mm 177 453 mm 182 455 mm 189 457
4 mm 196 459 mm 204 461 mm 209 461 mm 213 461
4 mm 216 461 mm 218 460 ku 115 220 458 mm 220 458
3 mm 220 456 mm 221 455 mm 221 453
1 mm 221 452
0
1 mm 221 451
5 mm 221 449 kd 115 223 440 mm 221 447 mm 222 444 mm 223 440
2 mm 224 435 mm 226 428
4 mm 229 420 mm 233 410 mm 237 400 mm 241 390
6 mm 245 381 mm 249 370 ku 97 258 352 ku 115 258 352 mm 253 361 mm 258 352
3 mm 262 344 mm 266 336 mm 271 329
3 mm 275 322 mm 280 315 mm 284 309
3 mm 287 304 mm 290 300 mm 293 297
5 mm 294 294 kd 119 297 288 mm 295 292 mm 296 290 mm 297 288
2 mm 297 287 mm 297 286
1 mm 297 285
0
0
0
0
0
0
0
1 ku 119 297 285
0
0
1 kd 100 297 285
2 mm 298 285 mm 299 287
3 mm 299 288 mm 299 289 mm 300 289
3 mm 300 290 mm 301 290 mm 301 291
1 mm 302 291
0
0
0
0
0
2 mm 304 292 mm 306 293
3 mm 309 294 mm 314 295 mm 320 296
3 mm 327 298 mm 335 300 mm 344 301
3 mm 353 302 mm 363 303 mm 374 304
4 mm 385 304 mm 396 304 mm 408 305 mm 420 306
3 mm 432 307 mm 443 308 mm 454 309
3 mm 462 309 mm 469 309 mm 474 309
4 mm 478 309 mm 481 309 mm 483 309 mm 484 309
3 mm 485 309 mm 486 309 mm 487 309
3 mm 487 308 mm 488 308 mm 489 308
1 mm 490 308
0
0
0
0
3 mm 491 308 mm 491 307 mm 492 307
0
0
0
0
1 kd 119 492 307
0
0
0
2 mm 493 306 ku 100 493 306
3 mm 493 305 mm 493 304 mm 493 303
4 mm 493 302 mm 493 301 mm 493 299 mm 493 297
3 mm 493 295 mm 493 293 mm 493 290
4 mm 493 288 mm 493 285 mm 492 282 mm 492 279
3 mm 490 277 mm 489 274 mm 487 272
2 mm 486 269 mm 484 267
4 mm 482 265 mm 478 262 mm 474 260 mm 469 257
4 mm 462 254 mm 454 252 mm 445 249 mm 435 246
6 mm 426 243 mm 417 240 mm 409 238 mm 402 236 mm 397 234 mm 392 232
0
5 mm 387 229 mm 383 227 mm 369 223 mm 364 222 mm 359 221
3 mm 355 220 mm 350 219 mm 346 218
4 mm 343 217 mm 340 216 mm 338 215 mm 336 214
3 mm 334 213 mm 333 212 mm 332 210
3 mm 332 209 mm 330 207 mm 329 205
4 mm 328 203 mm 327 201 mm 326 199 mm 325 198
3 mm 324 197 mm 324 196 mm 323 195
4 mm 322 194 mm 322 193 mm 322 192 mm 321 191
2 mm 321 190 mm 320 190
1 mm 320 189
0
0
0
0
0
0
2 mm 320 188 mm 320 187
1 kd 97 320 187
0
0
0
0
0
0
0
0
1 mm 320 188
0
0
0
0
0
2 mm 320 189 mm 319 189
2 mm 319 190 mm 318 190
2 mm 318 191 mm 318 192
4 mm 317 193 mm 317 194 mm 316 195 mm 316 196
2 mm 316 197 mm 315 197
2 mm 314 198 ku 97 314 198
1 mm 314 199
2 mm 313 199 mm 313 200
1 mm 312 200
0
0
1 mm 311 198
1 mm 310 197
0
0
4 mm 308 198 ku 119 303 210 mm 306 203 mm 303 210
4 mm 300 219 mm 298 228 mm 296 240 mm 295 252
3 mm 293 265 mm 292 279 mm 292 293
4 mm 291 308 kd 115 291 338 mm 291 323 mm 291 338
4 mm 290 353 mm 290 367 mm 289 381 mm 286 393
3 mm 282 405 mm 277 416 mm 272 425
3 mm 268 431 mm 264 436 mm 261 439
3 mm 259 440 mm 258 441 mm 257 441
2 mm 256 441 mm 256 442
2 mm 255 442 mm 254 443
4 mm 253 443 mm 252 443 mm 250 444 mm 249 444
2 mm 247 444 mm 245 445
4 mm 242 446 mm 239 447 mm 236 448 mm 232 449
3 mm 228 451 mm 224 452 mm 219 454
5 mm 214 457 mm 209 459 kd 97 199 465 mm 204 462 mm 199 465
2 mm 194 468 mm 190 471
6 mm 186 474 mm 181 478 mm 177 479 mm 173 479 mm 168 479 mm 320 240
3 mm 316 244 mm 312 247 mm 308 250
3 mm 304 254 mm 301 257 mm 298 261
4 mm 296 265 mm 293 270 ku 115 290 275 mm 290 275
4 mm 288 280 mm 286 286 mm 284 293 mm 282 299
3 mm 281 306 mm 280 313 mm 278 319
3 mm 277 325 mm 276 332 mm 275 338
4 mm 272 345 mm 269 351 mm 266 358 mm 263 364
3 mm 261 369 mm 259 373 mm 258 377
3 mm 257 380 mm 257 382 mm 257 383
3 mm 256 384 mm 256 385 mm 255 385
3 mm 255 386 mm 254 387 mm 252 388
3 mm 251 388 mm 250 389 mm 249 389
3 mm 248 390 mm 247 390 kd 115 247 390
0
0
0
1 ku 115 247 390
0
4 mm 248 390 mm 249 388 mm 250 387 mm 251 386
5 mm 252 385 ku 97 253 384 mm 252 384 kd 100 253 384 mm 253 384
2 mm 254 383 mm 255 382
4 mm 256 382 mm 257 382 mm 258 380 mm 261 379
3 mm 262 378 mm 264 378 mm 265 377
3 mm 266 376 mm 268 375 mm 270 374
3 mm 272 373 mm 274 373 mm 276 371
4 mm 279 371 mm 283 370 mm 287 368 mm 292 365
3 mm 299 362 mm 308 358 mm 319 353
3 mm 331 347 mm 344 341 mm 359 336
3 mm 375 331 mm 393 326 mm 411 321
4 mm 429 317 mm 449 314 mm 467 311 mm 483 309
3 mm 497 307 mm 509 305 mm 518 304
3 mm 525 303 mm 532 303 mm 537 303
4 mm 542 303 mm 547 302 mm 553 302 mm 559 301
2 mm 573 299 mm 581 297
3 mm 591 295 mm 601 294 mm 611 294
7 mm 622 293 mm 633 293 mm 639 293 mm 639 293 mm 639 293 mm 639 293 mm 320 240
1 mm 354 240
4 mm 359 240 mm 362 240 mm 363 240 mm 364 240
0
0
0
0
3 mm 364 239 mm 364 237 mm 362 235
4 mm 360 232 mm 359 229 mm 358 226 mm 356 222
3 mm 354 218 mm 351 213 mm 348 206
3 mm 344 200 mm 341 194 mm 337 188
2 mm 329 175 mm 326 169
4 mm 323 163 mm 320 158 mm 317 154 mm 316 150
3 mm 314 147 mm 313 144 mm 313 142
3 mm 312 140 mm 311 138 mm 311 137
4 mm 310 136 mm 310 135 ku 100 310 134 mm 310 134
2 mm 309 134 mm 309 133
0
0
0
0
1 mm 309 132
3 mm 309 130 mm 309 129 mm 309 128
3 mm 309 126 mm 309 124 mm 309 122
4 mm 309 119 mm 309 116 mm 309 113 mm 310 110
3 mm 312 106 mm 314 103 mm 315 100
4 kd 115 321 92 mm 317 97 mm 319 94 mm 321 92
3 mm 322 90 mm 324 88 mm 326 86
4 mm 328 84 mm 332 82 mm 335 80 mm 339 78
2 mm 347 74 mm 351 73
4 mm 354 72 mm 357 71 mm 359 70 kd 100 359 70
4 mm 362 69 mm 364 68 mm 366 67 mm 369 67
3 mm 372 66 mm 375 65 mm 379 65
3 mm 383 64 mm 386 62 mm 389 61
3 mm 391 60 mm 393 60 mm 394 59
1 mm 395 59
1 ku 115 395 59
0
0
1 ku 100 395 59
0
0
0
0
0
0
0
0
0
0
0
0
0
0
0
0
2 mm 394 59 mm 392 59
3 mm 391 59 mm 390 59 mm 389 59
4 mm 388 59 mm 387 60 mm 385 61 mm 384 62
2 mm 381 63 mm 379 64
4 mm 378 64 mm 376 65 mm 374 66 mm 372 66
3 mm 371 67 mm 370 67 mm 368 68
3 mm 367 68 mm 366 68 mm 365 69
2 mm 363 69 mm 362 69
4 mm 360 69 mm 358 69 mm 356 70 mm 353 70
3 mm 350 71 mm 348 71 mm 345 71
3 mm 342 71 mm 341 71 mm 340 71
1 mm 339 71
0
1 mm 338 71
0
1 mm 337 71
2 mm 337 72 mm 336 73
4 mm 336 74 mm 336 75 mm 336 76 mm 336 78
2 mm 336 79 mm 336 80
4 mm 336 81 mm 336 82 mm 336 83 mm 336 84
3 mm 336 85 mm 336 87 mm 336 88
4 mm 336 90 mm 337 92 mm 338 94 mm 339 96
3 mm 340 96 mm 341 97 mm 342 98
3 mm 345 98 mm 348 98 mm 352 98
4 mm 358 98 mm 365 98 mm 373 97 mm 382 97
3 mm 391 96 mm 400 96 mm 409 96
3 mm 417 96 mm 424 96 mm 431 96
4 mm 436 96 kd 100 443 96 mm 440 96 mm 443 96
3 mm 444 96 mm 445 96 mm 446 96
1 mm 447 96
0
0
0
1 ku 100 447 96
0
0
0
0
1 mm 448 96
3 mm 449 96 mm 450 96 mm 451 96
3 mm 454 96 mm 457 96 mm 459 96
4 mm 463 96 mm 466 97 mm 470 98 mm 473 99
4 mm 475 100 kd 100 479 101 mm 477 101 mm 479 101
1 mm 480 101
0
0
0
1 ku 100 480 101
0
0
0
0
0
0
0
0
0
1 mm 479 101
1 mm 478 101
1 mm 477 101
2 mm 476 101 kd 100 476 101
0
0
0
0
1 ku 100 476 101
0
0
0
0
0
0
3 mm 475 101 mm 474 101 mm 473 101
4 mm 472 101 mm 471 101 mm 470 101 mm 468 101
3 mm 467 101 mm 466 101 mm 465 101
3 mm 464 101 mm 463 101 mm 462 101
4 mm 461 101 mm 460 101 mm 459 101 mm 458 101
2 mm 457 101 mm 456 101
2 mm 455 102 mm 454 102
1 mm 453 102
0
1 mm 452 102
0
2 mm 451 102 mm 451 103
1 mm 450 103
0
1 kd 115 450 103
0
2 mm 449 103 mm 448 104
2 mm 447 104 mm 447 105
0
0
1 ku 115 447 105
0
0
0
0
1 kd 100 447 105
0
0
0
0
1 ku 100 447 105
0
0
0
0
0
0
1 kd 100 447 105
0
0
0
1 ku 100 447 105
0
0
0
0
1 kd 115 447 105
0
0
0
0
0
1 kd 100 447 105
0
1 ku 115 447 105
1 ku 100 447 105
0
0
0
0
0
0
0
0
0
1 kd 100 447 105
0
0
2 mm 446 105 mm 445 105
3 mm 444 105 mm 441 105 mm 436 105
3 mm 430 104 mm 423 102 mm 415 99
10 mm 405 95 ku 100 319 49 mm 395 89 mm 383 83 mm 371 78 mm 360 72 mm 349 65 mm 338 59 mm 328 53 mm 319 49
0
2 mm 312 45 mm 303 40
0
1 mm 303 39
3 mm 302 38 mm 302 36 mm 302 34
3 mm 302 32 mm 302 29 mm 302 26
4 mm 302 23 mm 301 21 mm 301 18 mm 301 16
4 mm 300 14 kd 100 300 11 mm 300 12 mm 300 11
3 mm 300 10 mm 300 9 mm 300 8
1 mm 300 7
0
1 ku 100 300 7
0
0
1 mm 301 7
1 mm 302 7
2 mm 303 8 mm 304 8
1 mm 305 9
1 mm 306 9
3 mm 307 9 mm 308 9 mm 309 9
3 mm 310 10 mm 312 10 mm 313 10
2 mm 314 10 mm 315 11
0
0
1 mm 316 12
1 kd 100 316 12
1 mm 317 13
1 mm 317 14
0
1 ku 100 317 14
0
0
0
1 mm 317 15
0
1 mm 317 16
1 mm 317 17
2 mm 317 18 kd 115 317 18
1 mm 317 19
0
2 mm 317 20 mm 317 21
1 mm 317 22
0
0
1 ku 115 317 22
0
0
0
0
0
0
0
0
0
0
0
0
1 mm 317 23
0
0
1 kd 119 317 23
0
1 mm 317 24
1 mm 317 25
3 mm 317 26 mm 317 27 mm 317 28
3 mm 318 28 mm 318 29 ku 119 318 29
2 mm 319 29 mm 319 30
1 mm 320 30
0
0
0
0
0
1 mm 321 30
0
0
0
0
0
0
0
1 kd 97 321 30
0
0
0
0
1 ku 97 321 30
1 kd 119 321 30
0
0
1 kd 100 321 30
0
1 ku 119 321 30
0
1 ku 100 321 30
1 mm 321 31
0
0
1 kd 119 321 31
7 mm 322 31 mm 323 31 mm 324 31 mm 325 31 mm 327 32 mm 328 32 mm 329 32
0
3 mm 333 32 kd 100 334 32 mm 334 32
2 mm 335 32 mm 336 32
2 ku 119 337 32 mm 337 32
0
1 ku 100 337 32
1 mm 338 32
0
0
1 mm 339 32
0
2 mm 340 32 kd 115 340 32
0
1 mm 341 32
0
0
0
2 mb 1 1 341 32 ku 115 341 32
1 mb 1 0 341 32
1 kd 97 341 32
1 mm 340 32
1 kd 115 340 32
0
2 mm 340 33 ku 97 340 33
2 mm 340 34 mm 340 35
1 mm 340 36
2 mm 339 36 ku 115 339 36
0
1 mm 339 37
2 mm 339 38 mm 338 39
2 mm 338 40 mm 337 41
1 mm 337 42
1 mm 336 42
3 mm 336 43 mm 336 44 mm 335 44
2 mm 335 45 mm 334 46
0
1 kd 97 334 46
0
0
0
0
1 ku 97 334 46
0
0
0
0
1 kd 119 334 46
0
0
2 kd 100 334 47 mm 334 47
0
0
0
0
2 mm 333 47 mm 333 46
3 mm 333 45 mm 333 44 mm 333 42
3 mm 333 40 ku 119 333 39 mm 333 39
3 mm 334 38 mm 334 36 mm 334 34
4 mm 334 32 mm 334 29 mm 334 27 mm 334 25
3 mm 334 23 mm 334 22 mm 334 20
4 ku 100 334 17 mm 334 19 mm 334 18 mm 334 17
2 mm 334 16 mm 334 15
4 mm 334 14 mm 334 13 mm 334 12 mm 334 11
3 mm 334 10 mm 334 9 mm 334 8
2 mm 334 7 kd 100 334 7
2 mm 334 6 mm 334 5
1 mm 334 4
1 mm 334 3
1 mm 333 3
0
1 mm 332 3
1 ku 100 332 3
0
0
2 mm 331 3 mm 330 3
2 mm 329 3 mm 328 3
2 mm 327 3 kd 100 327 3
1 mm 326 3
0
0
0
1 ku 100 326 3
0
0
0
0
1 kd 119 326 3
1 mm 325 3
1 mm 324 3
0
2 mm 323 3 ku 119 323 3
0
0
0
0
1 mm 322 3
1 mm 321 3
1 mm 320 3
3 mm 319 3 mm 318 3 mm 317 3
5 mm 316 3 mm 315 3 kd 119 313 3 mm 314 3 mm 313 3
2 mm 312 3 mm 311 3
3 ku 119 309 3 mm 310 3 mm 309 3
1 mm 308 3
2 mm 308 4 mm 307 4
0
1 mm 306 4
0
3 mm 305 4 mm 304 4 mm 304 5
2 mm 303 5 mm 302 5
1 mm 301 6
0
0
0
0
1 mm 300 6
0
0
0
0
0
0
0
0
0
0
0
1 mm 299 6
1 mm 298 6
0
0
1 mm 297 6
0
0
1 kd 119 297 6
0
1 ku 119 297 6
0
0
0
0
0
0
0
0
0
0
0
0
0
0
0
0
0
0
0
1 mm 296 6
0
0
1 mm 296 7
1 mm 296 8
1 mm 296 9
0
1 mm 295 9
0
0
0
0
0
0
0
0
0
0
0
0
0
0
0
0
0
0
0
0
0
0
0
0
0
0
0
0
0
0
0
0
0
0
0
0
0
0
0
0
0
0
0
0
0
0
0
0
0
0
0
0
0
0
0
0
0
0
0
0
0
0
0
0
0
0
0
0
0
0
0
0
0
0
0
0
0
0
0
0
0
0
0
0
0
1 mm 295 10
1 mm 296 10
0
0
0
0
0
0
0
0
0
0
0
0
0
0
0
0
0
0
0
0
0
0
0
0
0
0
0
0
0
0
0
0
0
0
0
0
0
0
0
0
0
0
0
0
0
0
0
0
0
0
0
0
0
0
0
0
0
0
0
0
0
0
0
0
0
0
0
0
1 kd 119 296 10
0
0
1 ku 119 296 10
0
0
0
0
0
1 mm 295 10
2 mm 294 10 mm 293 10
3 mm 291 10 mm 290 10 mm 288 10
4 mm 284 10 mm 280 10 mm 275 10 mm 270 9
4 mm 265 8 mm 259 7 mm 252 6 mm 245 5
3 mm 238 5 mm 231 4 mm 225 3
3 mm 220 3 mm 216 2 mm 213 2
3 mm 211 2 mm 209 2 mm 208 2
0
0
0
0
0
0
0
0
0
0
0
0
0
0
0
0
0
0
0
0
0
0
0
0
0
0
0
0
0
0
0
0
0
0
0
0
0
0
0
0
0
0
0
0
0
0
0
0
0
0
0
0
0
0
0
0
0
0
0
0
0
0
0
0
0
0
0
0
0
0
0
0
0
0
0
0
0
0
0
0
0
0
0
0
0
0
0
1 mm 209 2
0
1 mm 210 2
0
0
0
0
0
0
0
1 mm 211 2
0
0
0
0
0
0
0
0
0
0
0
0
0
0
0
0
0
0
0
0
0
0
0
0
0
0
0
0
0
0
0
0
0
0
0
0
0
0
0
0
0
0
0
0
0
0
0
0
0
0
0
0
0
0
0
0
0
0
0
0
0
0
0
0
0
0
0
0
0
0
0
0
0
0
0
0
0
0
0
0
0
0
0
0
0
0
0
0
0
0
0
0
0
0
0
0
0
0
0
0
0
0
0
0
0
0
0
0
0
0
0
0
0
0
0
0
0
0
0
0
0
0
0
0
0
0
0
0
0
0
0
0
0
0
0
0
0
0
0
0
0
0
0
0
0
0
0
0
0
0
0
0
0
0
0
0
0
0
0
0
0
0
0
0
0
0
0
0
0
0
0
0
0
0
0
0
0
0
0
0
0
0
0
0
0
0
0
0
0
0
0
0
0
0
0
0
0
0
0
0
0
0
0
0
0
0
0
0
0
0
0
0
0
0
0
0
0
0
0
0
0
0
0
0
0
0
0
0
0
0
0
0
0
0
0
0
0
0
0
0
0
0
0
0
0
0
0
0
0
0
0
0
0
0
0
0
0
0
0
0
0
0
0
0
0
0
0
0
0
0
0
0
0
0
0
0
0
0
0
0
0
0
0
0
0
0
0
0
0
0
0
0
0
0
0
0
0
0
0
0
0
0
0
0
0
0
0
0
0
0
0
0
0
0
0
0
0
0
0
0
0
0
0
0
0
0
0
0
0
0
0
0
0
0
0
0
0
0
0
0
0
0
0
0
0
0
0
0
0
0
0
0
0
0
0
0
0
0
0
0
0
0
0
0
0
0
0
0
0
0
0
0
0
0
0
0
0
0
0
0
0
0
0
0
0
0
0
0
0
0
0
0
0
0
0
0
0
0
0
0
0
0
0
0
0
0
0
0
0
0
0
0
0
0
0
0
0
0
0
0
0
0
0
0
0
0
0
0
0
0
0
0
0
0
0
0
0
0
0
0
0
0
0
0
0
0
0
0
0
0
0
0
0
0
0
0
0
0
0
0
0
0
0
0
0
0
0
0
0
0
0
0
0
0
0
0
0
0
0
0
0
0
0
0
0
0
0
0
0
0
0
0
0
0
0
0
0
0
0
0
0
0
0
0
0
0
1 kd 27 211 2
0
0
1 ku 27 211 2
0
0
0
0
0
0
0
0
0
0
0
0
0
1 sd 113 211 2
0
0
0
0
0
0
0
0
0
0
0
1 kd 37 211 2
