1300127283 seed, 60 fps, 1280x720, fullScreen=0, version13_level30_tutorial0_tutorialBookmark0_mouseSpeed1.000000_[2]powerUpRapidFire#[10]powerUpBulletDistance#[5]powerUpHeart_levelStack5_563285065_808350962_2176897490_3388443778_2963288535 8A1DB83820F691AB89D66884AFFF25F349B22AEC
2 mm 383 254 mm 640 360
0
0
0
0
0
0
0
0
0
0
0
0
0
0
0
0
0
0
0
0
0
0
0
0
0
0
0
0
0
0
0
0
0
0
0
0
0
0
0
0
0
0
0
0
0
0
0
0
0
0
0
0
0
0
1 mm 896 466
0
1 mm 895 464
0
0
1 mm 895 463
1 mm 896 463
1 mm 898 461
1 mm 900 461
1 mm 904 457
1 mm 911 454
1 mm 917 451
1 mm 922 450
1 mm 927 450
1 mm 936 449
1 mm 947 449
1 mm 960 449
1 mm 990 443
1 mm 1012 430
1 mm 1019 422
2 kd 115 1023 418 mm 1023 418
0
0
1 mm 1018 418
1 mm 1009 421
2 kd 100 967 423 mm 967 423
1 mm 900 417
1 mm 861 409
2 ku 115 792 395 mm 792 395
1 mm 770 391
1 mm 735 382
1 mm 720 377
1 mm 702 370
1 mm 696 369
1 mm 694 368
1 mm 692 368
1 mm 690 368
1 mm 689 368
1 mm 688 368
1 mm 687 369
1 mm 684 373
1 mm 683 374
1 mm 682 377
0
2 ku 100 682 377 mb 1 1 682 377
0
0
0
1 kd 97 682 377
0
0
0
0
1 ku 97 682 377
0
0
0
0
0
0
0
0
0
0
0
0
0
0
0
0
0
0
0
0
0
0
0
0
0
0
0
0
0
0
0
0
0
0
0
1 kd 115 682 377
0
0
0
0
0
1 kd 100 682 377
0
0
0
1 ku 115 682 377
0
0
0
0
0
0
0
0
1 md 680 377
0
0
0
1 md 680 376
1 md 680 375
1 md 680 374
1 md 680 370
1 md 683 365
1 md 685 361
1 md 687 358
1 md 689 357
2 kd 115 691 356 md 691 356
1 md 692 355
0
0
0
0
0
0
0
0
1 md 693 355
1 md 694 354
1 md 695 354
1 md 697 354
1 md 698 354
1 md 699 354
1 md 701 354
1 md 702 354
2 ku 100 703 354 md 703 354
1 md 704 352
0
1 md 707 352
1 md 710 352
1 md 712 352
1 md 713 352
1 md 714 352
1 md 715 352
1 md 716 352
1 md 718 352
2 kd 100 719 352 md 719 352
1 md 721 352
1 md 724 352
1 md 726 352
1 md 727 352
1 md 728 352
1 md 732 352
1 md 733 352
2 ku 100 735 352 md 735 352
1 md 740 355
1 md 748 360
1 md 763 371
1 md 779 381
1 md 795 390
1 md 801 394
1 md 816 402
1 md 833 413
1 md 848 426
1 md 859 434
1 md 863 437
1 md 866 440
1 md 867 440
1 md 867 441
1 md 865 444
1 md 865 446
1 md 865 448
0
1 md 866 448
1 md 868 448
1 md 870 446
1 md 871 446
1 md 871 445
0
0
0
0
0
0
0
0
1 md 871 446
1 kd 97 871 446
0
0
0
0
0
0
0
0
0
0
0
0
0
0
0
0
0
0
0
0
0
0
0
1 ku 115 871 446
0
0
0
0
0
0
0
0
0
0
0
0
1 md 871 447
1 md 871 449
1 md 872 451
1 md 873 453
1 md 874 454
1 md 875 455
1 md 876 455
1 md 876 456
0
0
1 md 878 456
0
1 md 879 457
1 md 879 459
1 md 880 460
1 md 882 460
1 md 883 462
1 md 886 465
1 md 889 468
1 md 891 472
1 md 893 474
1 md 895 476
1 md 896 477
1 md 897 478
0
1 md 898 480
1 md 898 481
1 md 899 481
0
1 md 899 484
1 md 899 485
1 md 899 487
1 md 898 488
1 md 896 489
1 md 895 491
1 md 894 491
0
2 kd 119 892 491 md 892 491
1 md 890 491
1 md 883 490
1 md 872 487
1 md 857 481
1 md 841 472
1 md 823 461
1 md 807 450
2 ku 119 779 429 md 779 429
1 md 762 416
1 md 760 414
1 md 759 413
0
0
0
0
1 md 758 413
0
0
0
0
1 md 757 413
0
0
0
0
0
0
0
1 md 760 406
1 md 764 398
1 md 765 396
1 md 766 394
0
0
1 md 767 394
0
0
0
0
1 kd 100 767 394
1 md 768 393
0
1 ku 97 768 393
0
0
0
0
1 md 769 393
1 md 769 394
1 md 769 395
1 md 771 395
0
0
0
0
0
0
0
0
0
1 md 770 394
0
0
0
0
0
0
0
1 md 769 394
0
0
0
1 md 768 394
0
0
0
0
0
0
0
0
0
0
0
0
0
0
0
0
0
0
0
0
0
0
0
0
0
0
0
0
0
0
0
0
0
0
0
0
0
0
1 md 768 395
0
1 md 768 396
0
0
0
1 md 768 397
0
0
0
1 md 768 398
0
0
1 md 768 399
1 md 768 401
1 md 770 401
1 md 771 404
1 md 773 407
1 md 776 411
1 md 780 415
1 md 786 421
1 md 788 422
1 md 789 423
0
0
0
1 md 790 423
0
0
0
0
0
0
2 kd 119 787 444 md 787 444
1 md 789 447
0
1 md 791 447
1 md 792 448
0
1 md 792 450
1 md 792 451
0
1 md 792 454
1 md 791 458
1 md 787 470
1 md 783 479
1 md 779 488
1 md 773 496
1 md 766 505
1 md 759 512
1 md 756 517
0
0
1 md 756 518
1 ku 100 756 518
0
0
0
0
0
0
1 md 758 518
1 md 762 520
1 md 768 521
1 md 774 521
1 md 780 522
1 md 787 524
1 md 791 525
1 md 793 526
1 md 795 527
1 md 796 527
1 md 797 527
0
0
0
0
0
1 md 798 527
0
0
0
0
0
0
0
0
0
0
0
0
0
0
1 md 799 527
1 md 799 528
1 md 800 528
1 md 800 530
1 md 801 530
1 md 802 531
1 md 803 532
1 md 804 532
1 md 804 534
0
1 md 805 534
0
0
1 md 806 534
0
0
0
0
0
1 ku 119 806 534
0
1 md 807 534
1 kd 97 807 534
0
0
0
0
0
0
0
0
0
1 md 808 534
1 md 808 535
1 md 810 535
0
1 md 811 535
1 md 817 535
1 md 827 533
1 md 839 529
1 md 853 522
1 md 866 514
1 md 878 504
1 md 890 495
1 md 903 486
1 md 929 472
1 md 959 462
1 md 966 461
1 md 972 460
1 md 977 457
1 md 983 456
1 md 989 455
1 md 995 454
1 md 1002 453
1 md 1009 453
1 md 1018 452
1 md 1034 452
1 md 1042 453
1 md 1045 455
1 md 1047 457
1 md 1050 459
2 kd 100 1051 460 md 1051 460
1 md 1052 460
3 ku 97 1052 462 mb 1 0 1052 460 mm 1052 462
1 mm 1060 467
0
0
0
0
0
0
0
0
1 kd 115 1060 467
0
0
0
0
0
0
0
1 mm 1057 465
1 mm 1058 466
1 mm 1073 473
1 mm 1095 479
1 mm 1127 486
1 mm 1161 487
1 mm 1193 484
1 mm 1219 479
1 mm 1236 476
1 mm 1245 474
1 mm 1249 472
1 mm 1250 472
0
0
1 mb 1 1 1250 472
0
0
0
1 md 1250 471
1 md 1249 470
2 md 1237 458 md 1221 444
2 ku 115 1208 431 md 1208 431
1 md 1197 419
1 md 1187 410
1 md 1179 403
1 md 1173 397
0
0
0
1 md 1172 397
1 md 1171 397
0
0
1 md 1171 398
0
0
0
0
0
1 md 1172 398
1 md 1174 398
1 md 1177 398
1 md 1182 397
1 md 1187 396
1 md 1189 396
0
0
1 md 1190 396
0
0
0
1 md 1190 397
1 md 1190 398
1 md 1190 400
1 md 1190 402
0
1 md 1190 404
1 kd 115 1190 404
1 md 1190 406
1 md 1190 407
1 ku 100 1190 407
1 md 1190 408
1 md 1190 409
1 md 1190 410
1 md 1190 411
1 md 1190 412
2 kd 97 1190 413 md 1190 413
1 md 1190 414
1 md 1190 416
1 md 1190 417
1 md 1190 419
1 ku 115 1190 419
1 md 1190 421
1 md 1191 422
0
1 md 1192 424
1 md 1195 428
1 md 1196 430
1 md 1197 431
1 md 1198 432
1 md 1199 433
1 md 1200 434
1 md 1200 435
2 kd 119 1201 436 md 1201 436
1 md 1202 439
1 md 1203 442
1 md 1204 446
1 md 1205 451
1 md 1206 455
1 md 1207 458
1 md 1207 460
0
0
0
0
0
0
0
0
0
2 ku 97 1207 459 md 1207 459
1 md 1208 459
1 md 1208 457
1 md 1209 456
1 md 1211 455
1 md 1213 451
1 md 1218 446
1 md 1220 442
1 md 1221 441
1 md 1222 440
1 md 1223 439
1 md 1223 438
1 md 1225 438
1 md 1225 437
0
1 md 1227 437
1 md 1227 436
1 md 1229 434
2 kd 100 1231 431 md 1231 431
1 md 1234 425
1 md 1241 417
1 md 1249 408
1 md 1256 397
1 md 1262 387
1 md 1268 378
1 md 1272 371
1 md 1274 366
1 md 1276 363
2 md 1277 360 md 640 360
1 md 642 358
1 md 643 356
1 md 644 354
1 md 645 353
0
1 md 645 352
2 ku 100 646 352 md 646 352
0
1 md 647 352
0
0
0
0
0
0
0
0
0
0
0
0
1 md 646 352
2 ku 119 645 352 md 645 352
0
1 kd 119 645 352
0
1 md 644 352
0
0
1 md 643 352
0
1 md 642 352
0
1 md 641 352
2 ku 119 641 351 md 641 351
1 md 640 351
0
1 md 639 351
1 md 639 350
1 md 638 350
0
0
0
0
0
0
1 md 637 350
0
1 md 636 351
1 md 635 353
1 md 633 355
1 md 632 357
1 md 631 358
1 kd 115 631 358
0
0
0
1 md 630 358
0
0
0
0
0
0
0
0
0
0
0
1 md 630 359
0
1 md 630 360
0
1 md 630 361
1 md 630 362
1 md 628 364
1 md 628 365
1 md 627 367
1 md 627 369
1 md 626 370
1 md 625 371
0
1 md 625 372
0
1 md 624 373
1 md 623 373
0
0
1 md 622 373
0
0
1 md 621 373
1 md 621 375
0
1 md 620 375
1 md 620 376
1 md 619 376
1 md 619 377
1 md 617 377
1 md 616 378
0
1 md 615 378
1 md 615 379
1 md 614 379
0
0
0
0
0
1 md 613 379
0
0
0
0
0
0
0
0
0
0
0
0
0
0
0
0
0
0
0
0
0
1 md 613 380
0
0
0
0
0
0
0
0
0
1 ku 115 613 380
0
0
0
0
0
0
1 md 612 380
1 kd 119 612 380
0
0
0
0
1 md 611 380
0
1 md 610 380
0
0
0
1 md 609 380
0
1 md 608 380
0
1 md 607 380
0
1 md 607 381
0
0
0
1 md 607 382
1 md 607 383
1 md 605 387
1 md 604 392
1 md 600 402
1 md 596 413
1 md 590 423
1 md 585 433
1 md 579 442
1 md 574 451
1 md 570 457
1 md 568 459
1 md 566 459
0
0
1 md 565 459
0
1 md 566 459
1 md 572 455
1 md 579 446
1 md 585 436
1 md 590 430
1 md 596 427
1 md 602 425
1 md 606 424
1 md 608 424
1 md 609 424
0
1 md 609 425
1 md 611 427
1 md 611 429
1 md 611 431
1 md 610 434
1 md 608 438
1 md 605 442
1 md 602 446
1 md 598 449
1 md 593 451
1 md 588 454
2 ku 119 583 455 md 583 455
1 md 579 455
1 md 576 455
0
0
0
0
0
1 md 576 456
1 md 577 456
1 kd 115 577 456
1 md 578 456
0
0
0
1 md 578 455
1 md 578 456
1 md 578 460
1 md 576 466
1 md 574 470
1 md 573 472
0
0
0
1 md 573 473
0
2 ku 115 573 472 md 573 472
1 md 574 470
1 md 575 470
1 md 575 469
1 md 577 469
1 kd 97 577 469
1 md 577 468
0
1 md 577 467
0
1 md 578 467
1 md 578 468
1 md 579 470
1 md 579 472
2 kd 119 579 473 md 579 473
1 md 579 474
0
1 ku 97 579 474
0
1 md 579 475
0
1 md 578 475
0
0
0
0
0
0
0
0
0
1 md 577 474
1 md 577 473
1 md 577 472
1 md 577 471
1 md 579 471
1 md 579 469
1 md 580 468
2 ku 119 582 466 md 582 466
1 md 583 463
1 md 583 460
1 md 583 456
1 md 583 454
1 kd 100 583 454
0
0
0
1 md 583 452
0
0
0
0
1 kd 119 583 452
1 md 582 452
0
2 ku 100 582 450 md 582 450
1 md 580 447
1 md 580 443
1 md 579 437
1 md 578 428
1 md 578 418
1 md 583 405
1 md 584 377
1 md 587 349
1 md 590 304
1 md 590 285
1 md 590 269
2 mb 1 0 590 269 mm 592 258
1 mm 593 248
1 mm 595 239
1 mm 595 236
1 mm 595 234
1 mm 595 233
1 mm 595 232
0
0
0
0
0
0
0
0
0
0
0
0
0
1 mm 594 232
1 mm 593 232
1 mm 592 232
0
1 mm 591 232
1 mm 590 232
1 mm 589 232
0
1 mm 588 232
1 mm 587 233
1 mm 584 235
1 mm 578 238
1 mm 571 243
2 ku 119 563 250 mm 563 250
1 mm 556 258
1 mm 551 264
1 mm 549 267
0
0
1 mb 1 1 549 267
0
0
0
0
1 md 549 268
1 md 549 272
1 md 548 282
1 md 548 295
1 md 547 309
1 md 547 322
1 md 547 332
1 md 547 340
1 md 548 345
1 md 549 348
1 md 550 351
1 md 551 352
1 md 553 354
1 md 555 354
1 md 557 354
1 md 560 354
1 md 563 355
1 md 566 357
1 md 570 359
1 md 573 362
1 md 575 365
1 md 577 367
2 kd 100 579 369 md 579 369
1 md 580 370
1 md 581 370
0
0
0
0
1 md 581 369
1 md 579 365
1 md 575 362
1 md 574 360
0
1 ku 100 574 360
0
0
0
1 kd 97 574 360
0
0
0
0
0
1 md 573 360
1 md 572 360
1 md 571 360
1 md 569 360
1 md 568 360
1 md 567 361
0
2 kd 115 565 361 md 565 361
1 md 564 361
1 md 563 361
0
0
1 md 562 361
0
0
0
0
0
0
0
1 md 561 361
0
1 md 560 361
1 md 558 361
1 md 556 361
1 md 552 361
2 ku 97 544 362 md 544 362
1 md 530 364
1 md 521 365
1 md 510 367
1 md 499 367
1 md 486 367
1 md 474 368
1 md 462 369
1 md 450 369
1 md 441 369
1 md 436 369
1 md 431 370
1 md 429 371
1 md 428 371
0
0
0
0
1 md 427 371
0
0
0
1 md 427 372
0
0
0
0
1 md 426 371
1 md 421 370
1 md 414 368
1 md 407 366
1 md 400 366
1 md 394 366
1 md 389 365
1 md 385 365
2 kd 97 381 364 md 381 364
1 md 376 363
1 md 368 361
1 md 357 357
1 md 342 352
1 md 326 345
1 md 311 340
1 md 295 335
2 mb 1 0 295 335 mm 280 329
1 mm 266 326
1 mm 255 325
1 mm 244 322
1 mm 234 321
1 mm 229 320
1 mm 225 319
1 mm 221 318
1 mm 218 317
1 mm 217 316
1 mm 214 316
1 mm 211 314
1 mm 205 309
1 mm 196 303
1 mm 187 295
1 mm 177 286
0
0
0
1 mm 178 287
1 mm 180 289
1 mm 181 292
1 mm 182 293
2 ku 97 182 299 mm 182 299
1 mm 182 309
1 mm 177 316
1 mm 171 320
1 mm 165 324
1 mm 160 327
1 mm 156 329
1 mm 154 330
1 mb 1 1 154 330
1 md 152 330
0
0
0
0
0
1 kd 97 152 330
0
0
0
0
0
0
1 ku 115 152 330
0
0
0
0
0
1 md 152 331
1 md 152 332
1 md 154 332
1 md 155 333
1 md 156 334
0
0
0
0
0
0
0
0
0
0
0
0
0
0
0
1 md 155 334
0
1 md 154 334
0
0
0
0
0
0
0
0
0
1 md 153 334
1 mb 1 0 153 334
1 mm 152 334
0
1 mm 151 334
0
0
1 mm 150 334
1 mm 149 334
1 mm 148 334
1 mm 146 332
1 mm 143 332
1 mm 139 329
1 mm 134 327
1 mm 130 324
1 mm 125 320
1 mm 121 317
1 mm 117 314
0
1 mm 115 313
0
1 mm 113 313
1 mm 112 313
0
0
1 mm 112 315
1 mm 112 318
1 mm 113 324
1 mm 113 331
1 mm 114 336
1 mm 114 339
1 mm 115 341
0
0
0
1 mm 115 343
0
0
0
0
0
0
0
0
0
0
0
1 mm 115 342
0
1 mm 115 341
0
0
0
0
1 kd 100 115 341
1 mm 115 342
2 ku 100 118 344 mm 118 344
1 mm 118 345
1 mm 119 345
0
1 kd 119 119 345
0
0
0
1 mm 119 344
1 mm 119 340
1 mm 117 337
1 mm 115 332
1 mm 103 326
1 mm 97 326
1 mm 92 325
1 mm 89 324
1 mm 86 324
1 mm 85 324
1 mm 83 323
0
0
2 ku 97 82 323 mm 82 323
0
2 mb 1 1 82 323 md 82 322
2 kd 100 82 321 md 82 321
1 md 83 321
0
2 ku 100 84 321 md 84 321
1 md 85 321
1 md 86 321
1 md 87 322
1 md 92 327
1 md 97 333
1 md 103 343
1 md 109 355
1 md 112 360
1 md 116 368
1 md 118 372
1 md 122 379
1 md 125 382
1 md 129 384
1 md 132 385
1 md 141 385
1 md 156 382
1 md 163 379
1 md 181 369
1 md 189 365
1 md 194 362
1 md 196 361
1 md 198 359
1 md 201 356
1 md 205 351
1 md 210 343
1 md 222 316
1 md 228 299
1 md 235 283
1 md 242 264
1 md 251 247
1 md 261 230
1 md 269 215
1 md 282 185
1 md 286 172
1 md 292 153
2 mb 1 0 292 153 mm 293 147
1 mm 293 145
0
0
0
0
0
0
0
1 mm 294 139
1 mm 298 135
1 mm 303 129
1 mm 305 125
0
0
0
0
0
0
0
0
1 mm 305 124
0
0
0
1 mm 306 124
0
0
0
0
0
0
1 mm 307 124
1 mm 309 126
1 mm 313 133
1 mm 318 140
1 mm 324 149
1 mm 330 154
1 mm 335 158
1 mm 339 160
1 mm 341 161
1 mm 342 161
1 mm 343 161
1 mm 343 159
1 mm 344 156
1 mm 345 150
1 mm 345 143
1 mm 345 135
1 mm 345 127
1 mm 345 123
1 mm 345 122
1 mm 345 121
1 mm 345 120
0
1 mm 346 120
1 mm 347 120
0
1 mm 348 120
1 mm 350 120
1 mm 352 120
1 mm 355 121
1 mm 357 121
2 ku 119 359 121 mm 359 121
1 mm 359 123
1 mm 360 123
0
0
0
0
1 mm 360 124
1 mm 360 129
1 mm 360 138
1 mm 360 152
1 mm 364 168
1 mm 370 185
1 mm 379 203
2 kd 115 392 222 mm 392 222
1 mm 408 238
1 mm 428 255
1 mm 451 270
1 mm 473 284
1 mm 495 293
1 mm 514 298
1 mm 529 300
1 mm 537 300
1 mm 542 300
1 mm 544 300
1 mm 545 300
1 mm 546 300
1 mm 547 301
1 mm 547 303
1 mm 548 304
1 mm 548 307
1 mm 549 312
1 mm 549 317
1 mm 549 320
1 mm 547 322
1 mm 546 323
1 mm 545 323
1 mm 543 323
1 mm 541 323
1 mm 539 322
2 mb 1 1 539 322 md 535 320
1 md 533 319
1 md 532 318
0
0
0
0
0
0
0
0
1 mb 1 0 532 318
1 mm 532 319
0
1 mm 532 320
0
1 mm 532 321
0
0
0
0
1 mm 532 322
0
1 mm 532 323
1 mm 532 324
1 mm 532 325
1 mm 532 331
1 mm 536 337
1 mm 542 345
1 mm 551 354
1 mm 562 366
1 mm 577 378
1 mm 591 392
1 mm 604 405
1 mm 631 430
1 mm 641 439
1 mm 650 447
1 mm 658 455
1 mm 671 464
2 kd 100 677 468 mm 677 468
1 mm 683 470
1 mm 690 472
1 mm 692 472
1 mm 694 472
1 mm 695 472
1 mm 696 472
0
1 mm 697 472
0
1 mm 697 471
1 mm 697 466
1 mm 696 459
1 mm 696 450
1 mm 696 439
1 mm 696 428
1 mm 698 416
1 mm 699 406
1 mm 700 398
1 mm 701 395
0
2 ku 115 703 393 mm 703 393
1 mm 708 389
1 mm 713 386
1 mm 718 382
1 mm 724 379
1 mm 729 378
1 mm 733 377
1 mm 737 376
0
1 mm 739 376
1 mm 741 376
1 mm 743 376
1 mm 745 376
1 mm 746 376
1 mm 748 376
0
0
1 mm 749 377
1 mm 751 378
1 mm 754 382
0
0
0
0
0
0
0
0
0
0
0
0
0
0
0
0
0
0
0
0
0
0
0
0
0
1 mm 755 383
1 mm 755 381
1 mm 757 380
1 mm 761 378
1 mm 767 376
1 mm 774 373
1 mm 779 372
1 mm 781 371
1 mm 782 371
1 mm 783 371
0
1 mm 784 371
1 mm 785 371
0
1 mm 786 371
1 mm 787 372
1 mm 788 373
1 mm 791 375
1 mm 792 377
1 mm 793 378
0
1 mm 795 378
0
1 mm 796 377
1 mm 796 372
1 mm 796 361
1 mm 795 348
1 mm 794 332
1 mm 793 314
1 mm 791 297
1 mm 790 280
1 mm 787 265
1 mm 786 254
1 mm 786 247
1 mm 784 241
1 mm 784 238
1 mm 783 237
1 mm 783 236
0
0
0
1 mm 782 236
0
1 mm 782 237
0
0
1 mm 780 237
1 mm 779 237
1 mm 777 237
1 mm 774 236
1 mm 769 234
1 mm 764 232
1 mm 758 231
1 mm 752 231
1 mm 747 231
1 mm 743 231
1 mm 738 232
1 mm 736 233
1 mm 735 234
0
0
0
0
1 mm 734 232
1 mm 732 227
1 mm 729 222
1 mm 726 215
1 mm 724 211
1 mm 723 210
1 mm 722 210
0
1 mm 721 210
0
1 mm 720 210
1 mm 717 212
1 mm 714 213
1 mm 711 213
2 ku 100 707 214 mm 707 214
1 mm 704 214
1 mm 702 214
1 mm 700 215
1 mm 698 215
1 mm 697 216
1 mm 696 216
1 mm 694 216
1 mm 693 216
0
1 mm 692 216
1 mm 691 216
1 mm 690 216
1 mm 688 216
2 sd 113 686 216 mm 686 216
1 mm 683 217
1 mm 681 217
1 mm 678 218
1 mm 674 220
1 mm 670 221
1 mm 667 221
1 mm 663 222
1 mm 661 223
1 mm 659 223
1 mm 658 224
0
0
0
0
0
0
0
0
1 mm 657 224
0
0
0
1 mm 657 225
1 mm 656 225
0
1 mm 655 226
1 mm 654 227
1 mm 652 229
1 mm 650 231
1 mm 648 233
1 mm 647 235
0
1 mm 645 237
1 mm 645 238
1 mm 644 238
0
1 mm 644 239
1 mm 642 239
1 mm 642 240
1 mm 640 240
1 mm 639 241
1 mm 637 245
1 mm 637 246
0
1 mm 637 247
1 mm 637 248
1 mm 637 249
1 mm 636 249
1 mm 636 253
1 mm 636 255
1 mm 635 257
1 mm 635 262
1 mm 635 268
1 mm 635 271
1 mm 635 273
0
1 mm 635 274
0
0
1 mm 634 275
0
0
0
0
2 su 113 634 276 mm 634 276
0
0
1 mm 634 277
1 mm 636 277
1 mm 637 278
1 mm 641 282
0
0
0
0
0
0
0
0
0
0
0
0
0
0
1 mm 646 284
0
0
1 mm 646 283
1 mm 652 281
1 mm 674 272
1 mm 710 252
1 mm 749 224
1 mm 777 196
1 mm 780 190
1 mm 781 190
1 mm 785 197
0
0
0
0
0
0
0
0
1 mm 779 188
1 mm 783 189
1 mm 783 187
0
0
0
0
0
0
0
0
0
1 mm 782 185
1 mm 784 180
0
0
0
0
1 mm 784 179
0
0
0
0
0
0
0
0
0
0
0
0
0
0
0
0
0
0
0
0
0
1 mm 778 179
1 mm 759 175
1 mm 729 157
1 mm 707 133
1 mm 695 113
1 mm 694 104
1 mm 694 103
1 mm 694 102
0
0
0
0
1 mm 695 102
1 mm 695 103
0
0
0
0
1 mm 695 104
1 mm 696 105
1 mm 696 106
1 mm 697 108
1 mm 697 111
1 mm 698 115
2 kd 100 700 119 mm 700 119
1 mm 702 123
1 mm 703 126
1 mm 704 130
1 mm 706 132
1 mm 709 132
1 mm 713 131
2 kd 119 717 127 mm 717 127
1 mm 719 118
1 mm 720 107
1 mm 720 95
1 mm 718 85
1 mm 717 75
1 mm 716 69
2 ku 100 715 66 mm 715 66
0
1 mm 715 64
0
0
0
0
0
0
0
1 mm 715 65
1 mm 716 66
0
1 mm 717 67
1 mm 718 67
1 mm 718 68
1 mm 719 68
0
1 mm 720 69
0
0
0
0
0
1 mm 721 69
1 mm 723 69
1 mm 725 69
1 mm 727 69
1 mm 731 71
1 mm 735 73
1 mm 737 75
0
0
1 mm 738 76
0
0
0
0
1 mm 738 77
0
0
2 kd 100 738 78 mm 738 78
0
0
0
0
1 mb 1 1 738 78
0
0
0
1 md 737 78
0
0
0
1 md 736 78
0
0
0
0
0
1 md 735 78
0
0
0
0
0
0
0
0
0
0
0
1 md 735 77
1 md 734 77
1 md 734 76
1 md 733 75
0
2 ku 100 733 74 md 733 74
1 md 732 73
1 md 732 72
0
1 md 731 71
0
1 md 731 70
0
1 md 731 69
1 md 730 69
0
0
0
0
0
0
1 ku 119 730 69
1 mb 1 0 730 69
0
0
0
0
0
1 mm 731 69
0
1 mm 732 69
0
0
2 kd 115 732 69 mb 1 1 732 69
0
0
0
0
0
1 md 731 69
1 md 731 71
1 md 729 72
1 md 727 73
1 md 724 74
2 kd 97 722 76 md 722 76
1 md 720 76
0
1 md 718 76
0
0
0
1 md 717 76
0
1 md 716 76
1 md 715 76
1 md 714 76
0
0
0
0
1 ku 97 714 76
1 md 713 78
1 md 713 80
1 md 711 84
1 md 709 88
1 md 708 92
1 md 707 94
1 md 706 95
0
1 md 706 97
1 md 705 97
1 md 704 99
1 md 702 99
1 md 699 104
1 md 696 108
1 md 691 115
1 md 688 120
1 md 684 123
1 md 683 125
1 md 682 126
1 md 682 128
0
1 md 681 128
0
1 md 681 129
1 md 680 129
1 md 679 129
0
0
1 md 678 129
0
0
0
1 md 677 129
0
0
1 md 676 129
0
0
1 md 675 129
0
1 md 674 129
1 kd 97 674 129
0
1 md 673 130
1 md 673 131
1 md 672 132
1 md 672 134
1 md 672 136
1 md 671 138
1 md 669 145
1 md 669 148
1 md 668 150
1 md 668 153
1 md 667 156
1 md 667 161
1 md 666 165
1 md 665 170
1 md 664 174
1 md 664 175
0
1 md 663 175
0
1 md 662 175
0
0
0
0
0
0
0
0
0
0
0
1 md 662 176
0
0
0
0
0
0
1 md 662 177
0
1 ku 97 662 177
2 mb 1 0 662 177 mm 663 177
1 mm 669 177
1 mm 679 176
2 kd 100 693 170 mm 693 170
1 mm 708 159
2 ku 115 726 147 mm 726 147
1 mm 740 138
1 mm 752 131
1 mm 759 125
1 mm 766 120
1 mm 771 113
1 mm 776 104
2 kd 119 785 87 mm 785 87
1 mm 794 67
1 mm 802 48
1 mm 809 30
1 mm 814 13
1 mm 818 1
2 mm 820 0 mm 640 360
1 mm 640 355
1 mm 640 354
0
1 mm 640 353
0
0
0
0
1 mm 640 355
1 mm 638 357
1 mm 633 363
1 mm 627 370
1 mm 618 378
1 mm 611 383
1 mm 608 385
2 mb 1 1 608 385 md 605 386
1 md 603 386
1 md 601 386
1 md 600 386
1 md 598 386
2 ku 119 597 386 md 597 386
1 md 597 384
1 md 595 383
1 md 595 381
1 md 592 379
1 md 591 377
1 md 591 376
1 md 591 375
1 md 590 374
1 md 589 372
3 ku 100 586 369 kd 97 586 369 md 586 369
1 md 581 367
1 md 575 366
2 kd 115 569 365 md 569 365
1 md 566 365
1 md 561 365
1 md 556 365
1 md 551 365
1 md 545 365
1 md 538 365
1 md 531 365
1 md 525 367
1 md 519 368
2 ku 97 515 369 md 515 369
1 md 509 371
1 md 504 373
1 md 501 376
1 md 500 377
0
0
0
1 md 500 378
1 md 501 378
1 md 503 378
1 md 509 380
1 md 515 382
1 md 522 384
1 md 528 385
1 md 533 387
1 md 534 388
0
0
0
0
0
0
0
1 md 533 389
1 md 532 390
2 kd 97 530 392 md 530 392
1 md 529 393
1 md 528 394
1 md 528 395
1 md 526 396
1 md 524 398
1 md 523 399
1 md 522 400
1 md 521 400
1 md 521 401
0
1 md 519 401
0
1 md 518 402
0
0
0
0
1 md 517 402
1 md 517 404
3 ku 97 516 406 kd 100 516 406 md 516 406
1 md 512 408
2 ku 115 510 411 md 510 411
1 md 507 415
1 md 505 418
1 md 503 420
1 md 503 422
1 md 502 424
1 md 502 426
1 md 501 428
1 md 500 432
1 md 499 437
1 md 497 443
1 md 497 448
1 md 497 449
1 md 497 451
1 md 497 452
1 md 497 453
1 md 497 454
1 md 496 455
1 md 495 456
1 md 494 458
1 md 492 461
1 md 488 466
1 md 483 473
1 md 477 481
1 md 472 489
1 md 467 495
1 md 465 500
1 md 465 501
1 md 465 502
1 md 465 503
1 md 465 505
1 md 465 510
1 md 466 517
1 md 470 523
1 md 472 527
1 md 476 531
1 md 479 533
1 md 481 534
1 md 482 534
0
0
1 md 483 534
1 md 483 533
1 kd 119 483 533
0
1 md 485 533
0
0
0
0
0
0
0
0
0
0
0
0
0
0
0
0
0
0
0
0
0
1 md 486 533
0
0
0
1 ku 100 486 533
0
1 md 486 534
0
1 md 487 534
1 md 489 538
1 md 491 540
1 md 494 543
1 md 497 547
1 md 500 550
1 md 503 554
1 md 506 557
1 md 507 560
1 md 509 561
1 md 510 563
1 md 511 564
0
1 md 512 565
0
0
1 md 513 566
1 md 515 568
1 md 517 570
1 md 519 574
1 md 522 579
2 kd 97 526 584 md 526 584
1 md 530 591
1 md 534 595
1 md 536 597
1 md 537 597
0
1 md 537 595
1 md 537 585
1 md 534 572
1 md 533 561
1 md 533 553
1 md 536 547
1 md 538 544
1 md 539 543
0
0
1 md 540 543
0
1 md 541 542
1 md 542 542
1 md 542 540
0
1 md 542 536
1 md 541 536
0
0
0
0
0
1 md 540 537
1 md 539 541
1 md 538 543
1 md 537 544
0
0
0
1 md 534 543
1 md 528 539
1 md 520 535
1 md 516 533
1 md 515 533
0
0
0
0
1 md 514 533
1 md 512 532
1 md 509 532
1 md 503 530
1 md 497 528
1 md 494 526
0
1 md 493 526
1 md 493 525
0
1 md 493 524
1 md 491 522
1 md 489 518
1 md 486 513
1 md 486 511
1 md 484 511
0
0
0
0
1 md 484 510
0
1 md 484 509
1 md 484 508
1 md 484 506
0
1 md 484 505
0
2 ku 97 486 504 md 486 504
1 md 487 504
2 mb 1 0 487 504 mm 487 502
0
1 mm 489 501
2 kd 100 490 500 mm 490 500
1 mm 492 498
1 mm 494 496
1 mm 497 492
1 mm 501 487
1 mm 506 482
1 mm 510 478
1 mm 513 474
1 mm 517 471
1 mm 520 467
1 mm 524 461
1 mm 528 455
1 mm 532 445
1 mm 536 435
2 ku 100 538 428 mm 538 428
1 mm 538 425
1 mm 538 423
1 mm 539 422
1 mb 1 1 539 422
0
0
1 md 540 422
0
2 ku 119 540 421 md 540 421
2 kd 97 541 420 md 541 420
1 md 542 416
1 md 542 411
1 md 543 404
1 md 544 399
2 kd 115 544 396 md 544 396
1 md 545 393
1 md 545 390
1 md 545 389
1 md 545 386
1 md 545 385
1 md 546 385
1 md 546 382
1 md 546 381
1 md 548 379
1 md 549 376
1 md 550 372
1 md 550 369
1 md 550 367
1 md 551 365
0
1 md 552 365
0
1 md 552 364
0
2 ku 97 552 363 md 552 363
0
1 md 552 361
0
1 md 551 361
1 md 549 360
1 md 548 360
1 md 547 361
1 md 543 363
1 md 540 365
1 md 538 366
2 kd 100 537 366 md 537 366
0
1 md 535 367
1 md 534 367
0
0
1 md 533 367
1 md 532 367
0
1 md 531 367
0
1 md 530 367
0
1 md 529 367
1 md 528 367
0
0
1 md 527 367
0
1 md 527 368
1 md 526 368
1 md 525 369
1 md 525 371
1 md 522 373
1 md 518 377
1 md 515 381
1 md 512 385
1 md 509 388
1 md 507 391
1 md 503 396
1 md 500 399
1 md 498 402
1 md 498 403
0
0
0
1 md 497 403
0
1 md 497 402
1 md 497 400
1 md 498 398
1 md 498 396
0
1 md 499 395
0
0
1 md 500 394
0
0
0
0
0
0
0
0
0
0
0
0
0
0
0
1 md 501 394
0
1 md 501 395
0
1 md 501 396
1 md 501 397
0
1 md 501 398
0
0
1 md 501 399
1 md 500 399
0
0
0
0
0
1 md 500 400
0
0
2 kd 97 500 401 md 500 401
0
0
2 mb 1 0 500 401 ku 100 500 401
0
2 ku 115 503 401 mm 503 401
1 mm 505 397
1 mm 514 391
1 mm 529 382
1 mm 548 372
1 mm 565 364
1 mm 580 356
2 kd 119 591 351 mm 591 351
1 mm 598 347
1 mm 602 346
1 mm 602 345
0
1 mm 604 345
1 ku 97 604 345
1 mm 604 346
1 mm 605 351
1 mm 605 357
1 mm 605 367
0
0
0
0
0
0
0
0
0
0
1 mm 606 370
0
1 mm 609 369
1 mm 609 368
1 mm 609 360
1 mm 605 341
1 mm 599 323
1 mm 591 302
1 mm 581 283
1 mm 572 268
1 mm 568 261
1 mm 566 257
1 mm 565 253
1 mm 565 252
0
1 mm 565 251
1 mm 565 250
0
1 mm 565 249
1 mm 565 248
1 mm 565 247
1 mm 565 245
1 mm 565 242
1 mm 565 238
1 mm 565 234
1 mm 566 230
1 mm 569 226
1 mm 574 221
1 mm 579 217
1 mm 583 214
1 mm 587 211
1 mm 589 210
0
1 mm 589 208
0
1 mm 590 208
1 mm 590 207
0
0
0
0
0
0
0
0
0
0
0
0
0
0
0
0
1 kd 100 590 207
0
0
0
0
0
1 mm 591 207
0
0
0
0
0
0
0
1 ku 119 591 207
0
0
0
0
0
0
0
1 kd 119 591 207
0
0
1 mm 590 207
1 mm 589 207
1 mm 587 205
1 mm 583 200
1 mm 577 193
1 mm 569 185
2 ku 100 563 176 mm 563 176
1 mm 558 168
1 mm 555 162
1 mm 553 157
1 mm 552 154
1 mm 550 150
1 mm 548 148
1 mm 546 145
1 mm 545 143
1 mm 544 142
0
1 mm 544 140
1 mm 543 139
0
1 mm 543 138
1 mm 543 137
0
1 mm 543 136
0
1 mm 543 135
0
0
0
0
0
1 mm 543 134
0
0
0
0
0
0
0
0
0
0
0
0
0
0
0
1 mm 545 134
1 mm 548 134
1 mm 554 134
1 mm 562 135
1 mm 571 136
1 mm 583 138
1 mm 595 140
1 mm 606 142
1 mm 619 147
1 mm 629 153
1 mm 639 160
1 mm 647 168
1 mm 655 176
2 kd 100 663 186 mm 663 186
1 mm 669 194
1 mm 673 202
1 mm 676 209
1 mm 679 215
1 mm 680 221
1 mm 681 225
1 mm 681 229
1 mm 681 232
1 mm 681 233
0
1 mm 681 234
1 mm 680 234
1 mm 679 234
0
1 mm 677 235
1 mm 677 236
1 mm 677 237
1 mm 677 238
1 mm 677 239
1 mm 677 245
1 mm 678 253
1 mm 679 267
1 mm 684 280
1 mm 689 289
1 mm 693 296
1 mm 695 300
1 mm 696 304
1 mm 696 308
1 mm 696 312
1 mm 696 317
1 mm 696 323
1 mm 695 327
1 mm 694 331
1 mm 694 332
1 mm 694 333
0
1 mm 693 334
1 mm 693 335
0
1 mm 693 336
0
2 ku 119 693 337 mm 693 337
0
1 mm 693 338
0
1 mm 693 339
0
0
1 mm 693 340
0
0
2 kd 115 693 341 mm 693 341
0
1 mm 694 341
0
1 mm 695 341
0
1 mm 696 341
0
1 mm 697 340
1 mm 697 339
1 mm 699 336
0
1 mm 700 335
0
0
0
2 ku 100 700 336 mm 700 336
0
1 mm 700 337
0
1 mm 700 338
1 mm 700 339
1 mm 700 340
1 mm 698 343
1 mm 697 343
1 mm 696 344
1 mm 696 345
1 mm 695 345
1 mm 695 346
1 mm 693 346
0
0
0
2 ku 115 692 346 mm 692 346
1 mm 692 344
1 mm 690 333
1 mm 689 313
1 mm 686 286
1 mm 683 258
1 mm 679 226
1 mm 674 193
1 mm 669 161
1 mm 659 133
1 mm 649 112
1 mm 638 95
1 mm 632 82
2 kd 119 627 72 mm 627 72
1 mm 625 64
1 mm 624 57
1 mm 624 51
1 mm 626 47
1 mm 628 42
1 mm 630 38
1 mm 633 33
1 mm 634 26
1 mm 635 22
1 mm 636 20
0
1 mm 637 20
1 mm 639 20
1 mm 652 30
1 mm 661 39
2 ku 119 680 66 mm 680 66
1 mm 687 85
1 mm 698 124
1 mm 701 139
1 mm 707 162
1 mm 709 167
1 mm 709 169
1 mm 709 171
1 mm 710 174
1 mm 710 182
1 mm 710 194
1 mm 710 211
1 mm 710 228
2 kd 115 710 248 mm 710 248
1 mm 706 291
1 mm 704 298
1 mm 702 304
1 mm 701 305
0
1 mm 700 306
0
1 mm 698 306
1 mm 694 305
2 kd 100 691 305 mm 691 305
1 mm 686 305
1 mm 676 306
1 mm 661 306
2 ku 115 641 302 mm 641 302
1 mm 628 297
1 mm 621 290
2 ku 100 614 279 mm 614 279
1 mm 610 273
1 mb 1 1 610 273
0
1 md 610 272
1 md 610 271
1 md 610 268
1 md 610 265
0
0
0
0
0
1 md 610 264
1 md 610 263
0
0
0
0
1 md 610 260
1 md 610 256
1 md 610 238
1 md 608 225
1 md 602 207
1 md 600 201
1 md 599 195
1 md 599 190
1 md 600 183
1 md 602 180
1 md 603 179
1 md 605 177
1 md 607 176
0
0
0
0
0
0
0
0
0
0
0
0
0
0
0
0
0
0
0
0
0
0
1 kd 97 607 176
0
0
0
0
1 ku 97 607 176
0
0
0
0
0
0
0
0
0
0
0
0
0
0
0
0
0
0
0
0
0
0
0
0
0
0
0
0
0
0
0
0
0
0
0
0
0
0
0
0
0
0
0
0
0
0
0
0
0
0
0
1 kd 97 607 176
0
1 kd 119 607 176
0
0
0
1 ku 97 607 176
0
0
1 ku 119 607 176
0
0
0
0
0
0
0
0
0
0
0
0
1 kd 119 607 176
0
0
0
0
0
1 mb 1 0 607 176
1 ku 119 607 176
0
0
0
2 kd 115 607 177 mm 607 177
1 mm 607 178
0
0
0
1 mm 608 178
1 mm 612 174
1 mm 614 173
1 mm 616 172
0
1 mm 617 172
1 mm 618 172
2 kd 100 620 173 mm 620 173
0
0
1 mm 621 173
0
0
2 ku 115 622 173 mm 622 173
0
0
1 mm 623 173
0
0
0
0
0
0
0
0
0
2 kd 119 623 173 ku 100 623 173
0
1 ku 119 623 173
0
1 mb 1 1 623 173
1 md 623 174
1 kd 97 623 174
1 md 623 175
0
0
1 mb 1 0 623 175
0
0
1 mm 623 172
1 mm 627 161
1 mm 632 147
1 mm 634 138
1 mm 634 137
0
0
0
0
0
1 ku 97 634 137
0
0
0
0
0
0
0
0
0
0
0
1 mm 632 140
1 mm 629 153
1 mm 642 176
1 mm 660 196
0
0
0
0
0
0
0
0
0
1 mm 662 196
1 mm 664 197
0
1 mm 664 196
0
0
0
0
0
0
0
0
0
1 mm 664 195
0
0
1 mm 660 202
1 mm 654 236
1 mm 667 272
1 mm 689 310
1 mm 703 339
2 kd 115 710 353 mm 710 353
1 mm 712 355
0
1 mm 713 352
1 mm 713 348
1 mm 712 347
1 mm 711 347
0
1 mm 710 347
1 mm 709 347
0
1 mm 707 346
1 mm 700 338
1 mm 691 316
2 ku 115 680 276 mm 680 276
1 mm 679 232
1 mm 679 189
1 mm 679 162
1 mm 678 146
1 mm 675 139
2 mb 1 1 675 139 md 675 138
1 md 674 138
0
1 md 674 137
1 md 674 136
1 md 674 135
0
0
0
0
0
0
0
0
0
0
0
0
0
0
0
0
0
0
0
0
0
0
0
0
0
0
0
0
0
0
0
1 md 674 134
1 md 674 126
1 md 671 110
1 md 665 89
1 md 658 67
1 md 650 44
1 md 642 23
1 md 635 5
2 md 630 0 md 640 360
2 mb 1 0 640 360 mm 635 346
1 kd 119 635 346
0
0
0
0
0
1 mm 634 347
1 mm 634 348
1 mm 634 350
1 mm 635 353
1 mm 637 357
1 mm 638 362
1 mm 638 363
0
0
0
0
1 mm 638 362
1 mm 635 358
1 mm 630 353
1 mm 626 349
1 mm 623 346
1 mm 622 344
0
0
0
0
0
0
0
0
0
0
0
0
0
2 ku 119 624 347 mm 624 347
1 mm 628 352
1 mm 633 361
1 mm 639 373
1 mm 648 389
1 mm 657 406
1 mm 665 421
1 mm 673 433
1 mm 677 441
2 kd 115 678 443 mm 678 443
0
0
0
1 mb 1 1 678 443
0
2 kd 100 679 444 md 679 444
1 md 679 446
1 md 680 448
1 md 680 453
1 md 680 457
1 md 680 464
1 md 680 480
1 md 680 492
1 md 679 503
1 md 678 518
1 md 675 534
1 md 674 551
1 md 674 566
1 md 674 579
1 md 674 592
1 md 674 603
1 md 674 613
1 md 674 620
1 md 674 625
1 md 674 626
1 ku 100 674 626
0
0
0
0
0
0
0
0
1 ku 115 674 626
0
0
1 md 674 627
1 md 674 629
1 md 673 631
1 md 672 635
1 md 672 638
2 mb 1 0 672 638 mm 671 641
1 mm 671 642
0
1 mm 671 643
1 mm 671 644
1 mm 671 646
1 mm 671 650
2 kd 115 673 653 mm 673 653
2 mb 1 1 673 653 md 674 658
1 md 675 661
1 md 676 663
1 md 676 665
1 md 677 667
1 md 677 668
0
0
0
1 md 677 669
2 kd 100 675 669 md 675 669
1 md 674 669
1 md 673 669
1 ku 115 673 669
0
1 md 673 668
0
1 md 673 667
0
1 md 673 666
1 md 673 665
1 md 672 658
1 md 672 655
0
1 md 672 653
0
0
0
0
0
0
1 md 673 654
1 md 673 656
1 md 675 659
2 kd 115 678 663 md 678 663
1 md 680 665
1 md 683 667
1 md 688 668
1 md 693 668
1 md 701 667
1 md 710 663
1 md 719 657
1 md 730 651
2 ku 100 741 645 md 741 645
1 md 754 639
1 md 763 634
1 md 769 633
1 md 772 633
1 md 775 633
1 md 777 633
1 md 779 635
1 md 781 636
1 md 784 639
1 md 786 642
1 md 788 646
1 md 789 651
1 md 789 657
1 md 789 663
2 kd 100 785 670 md 785 670
1 md 782 676
1 md 776 683
1 md 771 689
1 md 766 694
1 md 761 698
1 md 755 701
1 md 750 706
2 ku 115 745 711 md 745 711
1 md 737 718
2 md 733 719 md 640 360
1 md 636 363
1 md 634 364
1 md 631 366
1 md 630 366
0
0
0
0
1 md 631 366
1 md 632 366
1 md 635 366
0
1 md 636 366
1 kd 115 636 366
1 md 638 366
1 md 639 366
0
1 md 640 366
1 md 641 366
1 md 642 366
1 md 644 366
1 md 647 366
1 md 651 366
1 md 655 366
1 md 658 366
1 md 660 366
1 md 661 366
1 md 662 366
0
2 mb 1 0 662 366 mm 663 366
1 mm 666 366
0
0
1 mm 667 366
0
0
1 mm 667 365
1 mm 667 364
2 ku 100 668 363 mm 668 363
1 mm 668 361
1 mm 670 361
1 mm 670 358
1 mm 671 357
1 mm 671 354
1 mm 671 346
1 mm 671 338
1 mm 673 331
2 ku 115 673 321 mm 673 321
1 mm 673 310
1 mm 670 298
1 mm 665 285
1 mm 663 268
1 mm 663 248
1 mm 664 225
1 mm 667 209
1 mm 667 201
1 mm 666 205
0
0
0
0
0
0
0
0
0
0
0
0
0
0
0
0
1 mm 666 204
1 mm 666 203
0
1 mm 666 202
1 mm 666 200
1 mm 667 198
1 mm 668 196
1 mm 671 193
1 mm 676 186
1 mm 684 174
1 mm 697 160
1 mm 710 145
1 mm 727 131
1 mm 739 125
1 mm 747 127
1 mm 760 134
0
0
0
0
0
0
0
0
0
0
0
0
0
0
0
0
0
0
0
1 mm 762 135
0
1 mm 763 134
1 mm 763 133
0
0
0
0
0
1 mm 764 132
0
0
0
0
0
0
1 mm 764 131
0
0
0
0
0
0
1 mm 764 130
0
0
0
1 mm 765 130
1 mm 766 130
1 mm 767 130
1 mm 768 130
1 mm 777 127
1 mm 786 123
1 mm 798 116
1 mm 811 108
1 mm 824 102
1 mm 836 96
1 mm 847 91
2 kd 100 855 85 mm 855 85
1 mm 864 75
1 mm 877 59
1 mm 893 36
1 mm 908 7
3 mm 916 0 mm 640 360 kd 119 640 360
1 mm 644 332
1 mm 646 306
1 mm 646 285
1 mm 644 270
1 mm 641 261
1 mm 638 256
0
0
0
0
0
0
0
0
1 ku 100 638 256
0
0
0
0
0
0
1 mm 636 254
1 mm 636 252
1 mm 634 252
1 mm 630 248
1 mm 624 244
1 mm 619 240
1 mm 614 236
1 mm 612 234
0
0
0
0
0
1 kd 100 612 234
0
0
1 mm 612 235
1 mm 613 237
1 mm 614 239
1 mm 615 241
1 mm 616 242
1 mm 617 242
0
1 mm 617 243
0
1 mm 618 243
0
0
0
0
1 mm 618 244
0
1 mb 1 1 618 244
0
0
0
0
0
1 md 618 245
0
1 md 617 245
1 md 616 245
1 md 615 245
1 md 614 245
1 md 614 244
1 md 612 244
1 md 612 243
1 md 610 243
0
0
0
0
0
0
0
0
1 mb 1 0 610 243
0
0
0
0
0
0
0
1 mm 609 242
0
1 mm 608 242
1 mm 608 241
1 mm 606 241
1 mm 606 240
1 mm 604 240
1 mm 604 239
1 mm 603 238
1 mm 602 238
1 mm 601 237
1 mm 599 235
1 mm 597 233
1 mm 595 232
1 mm 592 230
1 mm 590 229
0
1 mm 588 229
0
0
1 mm 588 228
0
1 ku 100 588 228
1 mm 588 227
1 mm 588 226
1 mm 589 226
1 mm 589 224
1 mm 590 224
1 mm 591 224
1 mm 592 224
1 mm 592 225
1 mm 593 226
1 mm 593 228
1 mm 593 231
1 mm 595 243
1 mm 601 259
0
0
0
0
0
0
0
0
0
0
0
0
1 mm 600 258
1 mm 588 242
1 mm 580 231
1 mm 576 226
1 mm 573 222
1 mm 570 219
2 kd 97 569 218 mm 569 218
1 mm 568 217
1 mm 568 216
1 mm 566 216
0
1 mm 566 215
0
0
0
0
0
0
1 mm 567 216
2 mb 1 1 567 216 md 571 219
2 ku 119 579 225 md 579 225
1 md 586 229
1 md 593 233
1 md 599 236
1 md 603 238
1 md 605 238
0
1 ku 97 605 238
0
1 kd 115 605 238
0
0
0
0
0
0
1 md 605 240
0
0
0
0
2 kd 97 605 241 md 605 241
0
0
1 md 604 242
0
1 md 604 243
0
1 md 604 244
2 ku 97 602 244 md 602 244
1 md 602 246
1 md 600 246
1 md 600 248
1 md 598 251
1 md 597 255
1 md 595 260
1 md 594 264
1 md 594 267
1 md 594 273
1 md 594 276
1 md 596 280
1 md 597 285
1 md 598 289
1 md 598 292
1 md 598 294
1 md 598 296
1 md 597 298
1 md 596 298
1 md 595 300
1 md 593 302
1 md 591 303
1 md 590 304
1 md 589 305
1 md 587 306
1 md 583 308
1 md 578 310
1 md 572 313
1 md 566 316
1 md 560 319
1 md 557 322
1 md 555 324
1 md 554 325
1 md 553 327
1 md 553 328
1 md 552 330
1 md 552 331
1 md 552 332
1 md 552 333
1 md 551 334
1 md 551 335
0
1 md 551 336
0
0
0
1 md 550 337
0
1 md 549 338
1 md 549 339
1 md 547 341
1 md 543 346
1 md 537 353
1 md 532 359
1 md 527 366
1 md 524 371
1 md 522 375
0
1 md 521 378
1 md 521 379
0
0
0
0
0
0
0
0
0
0
0
0
0
0
0
0
1 md 521 380
0
1 md 521 381
0
2 kd 97 520 381 md 520 381
1 md 520 383
0
0
1 md 519 384
0
1 md 519 385
0
0
0
0
1 md 519 386
0
0
0
0
1 md 519 387
0
0
1 md 519 388
0
1 md 520 389
0
2 ku 97 521 390 md 521 390
1 md 522 390
0
1 md 522 391
0
1 md 523 391
0
1 md 523 392
0
0
0
1 md 523 393
0
0
0
0
0
0
0
1 md 523 394
0
0
0
0
0
1 md 523 395
0
1 md 522 395
0
0
0
0
0
0
0
0
0
0
0
0
0
0
0
0
0
0
0
0
0
0
2 ku 115 522 394 md 522 394
1 md 522 389
2 mb 1 0 522 389 mm 524 375
1 mm 527 355
1 mm 530 329
2 kd 119 531 301 mm 531 301
1 mm 531 278
1 mm 527 253
1 mm 519 230
1 mm 512 209
1 mm 504 188
1 mm 499 171
1 mm 494 147
1 mm 491 139
1 mm 489 132
1 mm 485 123
1 mm 480 114
1 mm 478 105
1 mm 475 91
1 mm 473 80
1 mm 474 68
1 mm 477 55
1 mm 483 43
1 mm 490 33
1 mm 498 24
1 mm 503 18
1 mm 506 16
1 mm 507 15
1 mm 508 14
0
1 mm 509 14
1 mm 509 13
0
0
0
0
0
0
0
0
0
0
0
0
1 mm 509 12
0
1 mm 509 11
1 mm 507 11
1 mb 1 1 507 11
0
1 md 507 12
1 md 506 12
1 md 506 13
0
1 md 505 14
1 md 505 15
0
0
1 md 505 16
0
0
0
0
0
0
0
1 ku 119 505 16
1 md 504 16
1 md 504 17
1 md 503 19
1 md 502 21
1 md 501 23
1 md 500 24
1 md 500 26
1 kd 115 500 26
1 md 499 26
0
1 md 498 26
0
0
0
0
0
0
0
0
0
1 md 497 26
0
0
0
1 md 496 26
0
1 md 495 26
0
1 md 495 27
0
1 md 493 27
1 md 493 28
1 md 492 30
1 md 491 30
1 md 489 35
1 md 487 39
1 md 485 45
1 md 482 53
1 md 479 61
1 md 477 70
1 md 477 75
1 md 477 78
1 md 477 80
1 md 477 83
1 md 478 85
1 md 479 89
1 md 481 91
1 md 481 93
1 md 482 95
0
1 md 482 96
0
0
0
0
0
0
0
1 md 482 95
1 md 482 94
1 md 481 94
1 md 481 93
0
0
0
0
0
0
0
0
0
0
0
0
0
0
0
0
0
0
0
0
0
0
1 kd 100 481 93
0
0
0
0
0
0
2 mb 1 0 481 93 ku 115 481 93
1 mm 480 93
0
1 mm 479 90
1 mm 477 82
1 mm 473 72
1 mm 466 60
2 kd 119 458 48 mm 458 48
1 mm 449 35
2 ku 100 439 23 mm 439 23
1 mm 430 13
1 mm 425 9
1 mm 424 8
1 mm 425 8
1 mm 436 18
0
0
0
0
0
0
0
0
0
0
0
0
0
0
0
0
0
1 mm 439 17
1 mm 440 11
3 kd 97 440 0 mm 440 0 mm 640 360
1 mm 638 326
1 mm 634 284
1 mm 633 248
1 mm 633 215
1 mm 633 188
1 mm 633 165
1 mm 632 147
1 mm 630 135
1 mm 629 128
1 mm 629 126
1 mm 629 125
0
1 mm 629 124
0
0
1 mm 629 123
0
0
0
0
0
0
1 mm 630 123
0
0
0
1 mm 631 123
0
1 mm 635 123
2 ku 97 639 122 mm 639 122
1 mm 644 119
1 mm 651 114
1 mm 658 104
1 mm 666 93
1 mm 671 82
1 mm 675 76
1 mm 678 73
0
0
1 mm 679 73
0
0
1 mm 679 74
1 mm 679 75
1 mm 680 77
1 mm 681 78
0
1 mm 681 80
1 mm 681 81
0
1 mm 681 82
0
0
1 mm 682 82
0
0
0
1 mm 683 82
1 mm 684 82
1 mm 685 82
1 mm 686 82
1 mm 688 82
1 mm 689 82
1 mm 690 82
0
1 mm 691 82
1 mm 692 82
1 mm 694 82
1 mm 695 81
1 mm 698 81
0
1 mm 700 81
1 mm 701 81
0
1 mm 702 81
2 mb 1 1 702 81 md 703 82
1 md 704 83
1 md 704 85
1 md 704 86
2 ku 119 706 88 md 706 88
1 md 706 89
1 md 707 93
1 md 709 96
1 md 711 100
1 md 712 101
1 md 712 102
0
1 md 713 103
0
0
0
1 md 714 104
0
0
0
0
0
0
0
1 md 715 104
0
1 md 715 103
0
1 md 715 102
0
1 md 715 101
0
1 md 715 100
0
0
0
1 kd 115 715 100
0
0
0
0
0
1 md 715 99
1 md 714 99
1 md 714 98
1 md 713 98
1 md 712 97
1 md 712 96
0
1 md 710 96
1 md 710 95
1 md 710 94
1 md 708 94
1 md 708 93
0
0
1 md 708 92
0
0
0
0
0
1 md 708 91
0
0
0
0
0
1 md 709 91
0
0
0
0
1 md 709 89
0
1 md 710 89
1 md 710 87
0
1 md 710 86
0
2 ku 115 711 86 md 711 86
0
0
0
0
0
0
0
1 kd 115 711 86
0
0
0
0
0
0
0
0
0
0
0
0
0
0
0
1 kd 100 711 86
1 md 711 87
1 md 711 88
0
1 md 711 89
1 md 711 90
1 md 711 91
0
1 md 710 93
1 md 710 94
1 md 709 94
0
1 md 709 96
1 md 708 96
1 md 708 97
1 md 707 97
1 md 707 99
1 md 706 99
0
0
1 md 706 100
0
1 ku 115 706 100
0
0
0
1 md 705 101
1 md 703 101
0
1 md 702 102
0
0
1 md 701 102
0
1 md 701 103
0
1 md 699 103
0
0
0
1 md 698 103
0
0
0
1 kd 119 698 103
0
0
0
1 ku 100 698 103
0
0
0
0
0
0
0
0
0
0
0
2 ku 119 698 103 kd 97 698 103
0
0
0
0
0
0
0
0
1 kd 115 698 103
0
0
0
0
0
1 md 698 104
1 md 698 105
0
1 md 699 105
0
1 md 699 107
0
0
0
0
0
0
0
0
0
0
0
0
1 ku 115 699 107
0
0
0
0
0
0
0
0
0
1 kd 119 699 107
1 md 700 107
0
0
0
0
0
0
2 mb 1 0 700 107 mm 703 107
1 mm 705 107
1 mm 706 105
1 mm 710 98
1 mm 714 93
1 mm 717 91
1 mm 726 92
0
0
0
0
0
0
0
0
0
0
0
0
1 ku 97 726 92
0
0
1 mm 725 82
1 mm 729 66
1 mm 735 52
1 mm 740 39
1 mm 741 21
2 mm 741 0 mm 640 360
1 mm 637 330
1 mm 637 299
1 mm 640 281
1 mm 644 273
1 mm 648 268
1 mm 650 264
1 mm 651 262
0
1 mm 652 260
0
1 mm 652 259
0
1 mm 653 259
1 mm 653 258
0
0
1 mm 653 257
0
1 mm 653 256
1 mm 653 255
1 mm 653 251
1 mm 653 246
1 mm 654 239
1 mm 656 233
1 mm 659 224
1 mm 663 216
1 mm 667 209
1 mm 671 204
2 kd 100 674 199 mm 674 199
1 mm 677 194
1 mm 680 191
1 mm 683 188
1 mm 684 186
1 mm 685 186
0
0
0
0
0
0
0
1 mm 685 185
1 mm 687 185
0
0
0
0
0
0
0
1 ku 100 687 185
0
0
0
0
1 kd 100 687 185
0
0
0
0
0
0
0
0
0
0
0
0
0
0
0
0
0
0
0
0
0
0
0
0
0
0
0
0
0
0
0
0
0
0
0
0
0
0
0
0
0
0
0
0
0
0
0
0
0
0
0
0
0
0
0
0
0
0
0
0
0
0
0
0
0
0
0
0
0
1 mm 686 186
1 mm 686 190
1 mm 690 205
0
0
0
0
0
0
0
0
0
0
0
0
0
0
0
0
0
0
0
1 mm 690 204
1 mm 686 198
2 ku 100 679 187 mm 679 187
1 mm 667 171
1 mm 662 164
1 mm 659 159
1 mm 656 155
1 mm 653 151
1 mm 652 150
1 mm 652 149
0
0
0
0
1 mm 653 149
1 mm 654 148
1 mm 656 148
1 mm 658 148
1 mm 662 148
1 mm 666 148
1 mm 671 149
1 mm 676 150
1 mm 683 154
1 mm 695 160
1 mm 709 169
1 mm 723 179
1 mm 737 190
1 mm 753 200
1 mm 768 210
1 mm 780 219
1 mm 790 225
1 mm 797 230
1 mm 800 233
1 mm 801 234
0
0
0
1 mm 801 235
0
0
0
0
0
0
0
1 mm 800 236
1 mm 799 239
1 mm 795 245
1 mm 792 255
1 mm 791 264
1 mm 790 271
1 mm 789 279
1 mm 788 287
2 kd 100 787 298 mm 787 298
1 mm 787 308
1 mm 787 312
1 mm 787 315
0
0
1 mm 787 316
1 mm 787 317
1 mm 787 318
1 mm 786 320
1 mm 785 322
2 ku 119 784 323 mm 784 323
1 mm 784 324
0
0
0
1 mm 784 325
0
1 mm 784 326
1 mm 784 327
0
0
1 mm 784 328
0
1 mm 784 329
0
1 mm 784 330
0
1 mm 785 330
0
0
0
0
1 mm 786 330
1 kd 115 786 330
1 mm 787 330
1 mm 789 327
1 mm 791 319
1 mm 792 307
1 mm 791 287
1 mm 786 262
1 mm 775 229
1 mm 765 201
2 ku 100 751 159 mm 751 159
1 mm 748 148
1 mm 746 145
0
1 mm 746 146
1 mm 746 150
0
1 mm 746 152
0
1 ku 115 746 152
1 mm 750 154
1 mm 763 166
1 mm 781 190
1 mm 808 229
1 mm 834 266
1 mm 862 309
1 mm 884 332
1 mm 894 350
1 mm 898 360
2 kd 100 899 366 mm 899 366
1 mm 899 368
1 mm 897 368
1 ku 100 897 368
0
0
1 kd 115 897 368
0
1 mm 890 363
1 mm 867 354
1 mm 865 357
1 mm 852 373
1 mm 839 385
2 ku 115 812 411 mm 812 411
1 mm 796 424
1 mm 778 435
1 mm 737 442
1 mm 718 442
1 mm 702 443
1 mm 691 443
1 mm 676 443
1 mm 667 435
1 mm 662 413
1 mm 662 394
1 mm 662 381
1 mm 662 365
1 mm 662 353
0
0
2 mb 1 1 662 353 md 662 351
0
0
0
1 md 662 350
1 md 663 349
1 md 667 343
1 md 671 338
1 md 676 331
2 kd 115 679 324 md 679 324
1 md 679 323
1 md 680 322
2 ku 115 680 321 md 680 321
0
0
1 md 680 320
0
0
0
0
0
1 md 680 318
1 md 680 316
1 md 678 314
1 md 676 311
1 md 675 308
1 md 675 307
1 md 674 307
1 md 674 304
0
0
1 md 674 303
0
0
0
0
0
0
0
0
0
0
0
0
0
0
0
0
0
0
0
0
0
0
0
0
0
0
0
0
0
0
0
0
0
0
0
0
0
0
0
0
0
1 mb 1 0 674 303
1 kd 100 674 303
1 mm 680 295
1 mm 691 286
1 mm 707 276
1 mm 725 270
1 mm 736 270
1 mm 742 274
1 mm 747 283
2 kd 115 751 295 mm 751 295
1 mm 751 298
1 mm 751 300
0
1 mb 1 1 751 300
0
0
1 md 751 301
1 md 751 302
1 md 751 303
1 mb 1 0 751 303
1 mm 751 304
0
0
0
0
0
0
1 mm 751 303
2 ku 100 751 300 mm 751 300
1 mm 751 297
1 mm 751 295
1 mm 751 294
1 mm 751 293
1 mm 751 292
0
0
0
1 mm 751 293
1 mm 753 311
1 mm 756 339
2 kd 97 758 384 mm 758 384
1 mm 764 438
1 mm 770 473
1 mm 776 492
1 mm 779 497
2 mb 1 1 779 497 md 779 499
2 ku 97 780 500 md 780 500
0
1 md 779 493
1 md 769 463
1 md 764 427
1 md 765 397
1 md 767 380
1 md 768 375
2 kd 100 770 374 md 770 374
1 md 770 373
1 md 771 363
1 md 772 354
1 md 775 349
1 md 775 348
1 md 776 348
1 md 778 348
2 ku 100 785 358 md 785 358
1 md 795 382
1 md 801 409
1 md 801 427
1 md 800 437
1 md 796 444
1 md 794 449
1 md 794 451
1 md 794 453
1 md 794 456
1 md 794 460
1 md 794 465
1 md 794 471
1 md 794 473
1 md 794 475
0
0
1 md 794 476
0
1 md 791 471
1 md 784 459
1 md 774 442
1 md 768 426
1 md 763 408
1 md 759 391
1 md 758 378
2 ku 115 758 372 md 758 372
1 md 757 370
1 md 757 369
0
1 md 757 368
1 md 757 367
1 md 757 365
0
1 kd 100 757 365
0
0
1 md 758 367
1 md 762 373
1 md 767 384
1 md 777 411
1 md 779 417
0
0
0
1 md 778 416
1 md 770 407
1 md 762 399
1 md 757 393
1 md 756 389
0
1 md 756 387
0
0
0
1 md 756 386
0
1 md 754 386
1 md 752 385
1 md 750 383
1 md 749 382
1 md 748 381
0
0
0
1 ku 100 748 381
0
1 kd 115 748 381
1 ku 115 748 381
2 kd 97 748 382 md 748 382
0
0
0
0
0
0
0
0
0
0
0
0
0
1 md 749 382
1 md 750 382
1 md 751 382
1 md 753 382
1 md 755 382
1 md 759 384
1 md 763 385
1 md 768 387
1 md 774 389
1 md 780 393
1 md 786 397
1 md 792 403
1 md 797 409
1 md 801 414
1 md 810 428
1 md 815 438
1 md 816 443
1 md 817 447
1 md 818 450
0
0
0
2 kd 119 818 452 md 818 452
1 md 816 451
1 md 808 445
2 ku 97 799 441 md 799 441
1 md 790 433
1 md 781 423
1 md 778 418
1 md 778 417
0
0
1 md 778 416
0
0
1 md 778 415
0
0
0
0
1 md 779 415
2 ku 119 781 415 md 781 415
0
0
2 kd 97 782 415 md 782 415
0
1 md 782 414
1 md 776 403
1 md 769 394
1 md 761 383
1 md 749 369
1 md 740 355
1 md 738 346
1 md 738 344
0
0
0
1 md 739 344
1 md 740 344
2 ku 97 742 348 md 742 348
1 md 745 352
1 md 750 359
1 md 763 377
2 kd 115 766 380 md 766 380
1 md 768 382
1 md 769 383
1 md 771 383
1 md 772 384
1 md 777 389
1 md 777 390
1 md 777 391
0
1 md 777 392
0
1 md 777 393
1 md 777 394
1 md 777 395
1 md 777 398
1 md 777 399
1 md 777 401
1 md 777 402
0
0
0
0
1 md 778 404
1 md 778 408
1 md 780 415
0
0
1 md 775 415
2 ku 115 759 411 md 759 411
1 md 736 403
1 md 655 359
1 md 636 348
1 md 631 344
1 md 630 343
1 md 630 341
0
0
0
0
1 md 629 341
0
1 md 628 341
1 md 627 341
0
0
0
0
0
0
0
1 md 628 341
1 md 629 341
1 md 631 341
1 md 632 341
1 md 634 341
1 md 635 341
1 md 636 341
0
1 md 637 341
0
1 md 638 343
0
1 md 640 345
0
1 md 640 346
0
0
0
0
0
0
1 md 640 347
0
0
0
0
1 md 640 348
1 kd 115 640 348
1 md 641 348
1 md 641 349
1 kd 100 641 349
1 md 641 350
0
1 md 641 351
0
1 md 641 352
0
1 ku 115 641 352
2 ku 100 641 353 md 641 353
1 md 640 353
0
0
0
0
0
0
1 md 640 354
0
0
0
1 md 640 355
0
1 md 639 356
2 kd 115 638 357 md 638 357
1 md 636 358
1 md 632 359
2 kd 100 630 359 md 630 359
1 md 629 359
0
0
0
1 md 628 359
0
0
0
0
0
0
0
0
0
0
0
0
1 mb 1 0 628 359
1 mm 627 359
1 ku 115 627 359
1 ku 100 627 359
0
0
0
0
0
1 kd 97 627 359
0
0
0
0
0
0
0
0
0
1 mm 628 359
1 mm 630 357
1 mm 633 356
1 mm 648 348
1 mm 655 346
1 mm 661 344
1 mm 665 344
1 mm 669 344
1 mm 671 344
2 mb 1 1 671 344 md 674 344
2 kd 119 676 344 md 676 344
1 md 678 344
1 md 680 345
2 ku 97 685 345 md 685 345
1 md 692 345
1 md 703 345
1 md 714 345
1 md 729 340
1 md 732 338
1 md 736 336
1 md 738 332
1 md 741 328
1 md 744 321
1 md 747 315
1 md 752 309
1 md 759 302
1 md 765 296
1 md 772 292
1 md 777 288
1 md 783 286
1 md 787 283
1 md 789 282
1 kd 100 789 282
1 md 791 282
1 md 793 288
1 md 793 300
1 md 780 329
1 md 780 330
1 md 780 331
1 md 779 332
1 md 779 333
1 md 777 333
1 md 773 335
1 md 769 336
1 md 765 337
0
0
0
0
1 ku 100 765 337
0
1 md 764 336
1 md 762 332
1 md 761 329
1 md 761 326
1 md 761 323
1 md 761 320
1 md 762 315
1 md 762 305
0
2 kd 100 763 303 md 763 303
0
0
1 md 763 305
1 md 763 309
1 md 763 310
2 ku 100 763 312 md 763 312
0
0
1 ku 119 763 312
1 md 762 312
1 md 761 314
2 kd 100 756 315 md 756 315
1 md 746 317
1 md 731 317
1 md 723 316
0
0
1 md 723 315
1 md 723 311
1 md 723 302
1 md 719 288
1 md 712 273
1 md 712 271
1 md 712 269
1 md 712 268
2 ku 100 712 267 md 712 267
1 md 712 264
1 md 712 260
1 md 711 256
1 md 711 255
0
0
1 md 711 254
1 md 712 254
2 kd 97 718 257 md 718 257
1 md 725 258
1 kd 115 725 258
0
0
0
1 md 723 258
0
0
0
0
0
1 md 720 258
1 md 715 256
0
0
0
0
1 ku 97 715 256
0
0
2 kd 100 715 256 ku 115 715 256
0
0
0
0
0
1 md 714 256
1 md 713 256
1 ku 100 713 256
0
1 kd 119 713 256
0
0
0
0
0
0
0
0
1 md 719 256
1 md 726 258
1 md 736 260
1 md 748 264
1 md 766 268
1 md 770 268
0
1 md 771 268
1 md 773 265
1 md 776 260
1 md 786 247
1 md 791 240
1 md 802 226
2 kd 100 810 215 md 810 215
2 mb 1 0 810 215 mm 811 213
1 mm 811 211
1 mm 806 208
1 mm 803 205
1 mm 803 206
1 mm 807 212
0
0
0
0
0
0
0
1 mm 807 211
1 mm 818 190
1 mm 836 169
2 ku 100 856 159 mm 856 159
1 mm 867 152
1 mm 870 147
1 mm 872 137
1 mm 875 132
1 mm 878 129
1 mm 882 124
1 mm 886 122
1 mm 888 120
1 mm 889 118
0
0
0
0
0
0
0
1 mm 889 127
1 mm 889 133
1 mm 890 137
1 mm 892 143
1 mm 892 144
2 mb 1 1 892 144 md 893 144
1 kd 100 893 144
0
1 md 895 144
1 md 899 145
1 md 905 145
1 md 909 145
1 md 912 145
1 md 914 142
1 md 915 139
1 md 916 135
2 ku 100 918 131 md 918 131
2 mb 1 0 918 131 mm 921 128
1 mm 922 128
1 mm 923 128
1 mm 924 128
1 mm 926 128
0
0
0
1 ku 119 926 128
1 mm 926 130
1 mm 926 131
0
0
1 mm 926 132
0
0
2 kd 97 916 131 mm 916 131
1 mm 906 129
1 mm 897 126
1 mm 889 122
1 mm 884 117
1 mm 879 113
1 mm 876 109
1 mm 873 106
1 mm 870 103
1 mm 865 97
1 mm 863 95
1 mm 859 84
1 mm 857 80
2 kd 119 855 78 mm 855 78
1 mm 855 76
1 mm 855 74
1 mm 858 66
2 ku 97 861 59 mm 861 59
1 mm 864 57
1 mm 875 51
1 mm 885 47
1 mm 887 47
0
1 mm 884 47
1 mm 873 51
1 mm 865 60
1 mm 858 77
0
0
0
0
0
0
0
0
0
0
1 mm 856 80
1 mm 854 80
1 mm 853 81
1 mm 854 84
1 mm 860 90
1 mm 865 98
1 mm 870 108
1 mm 872 114
1 mm 873 118
1 mm 873 120
0
0
0
0
1 mb 1 1 873 120
1 md 874 121
0
0
0
1 md 874 122
1 kd 100 874 122
0
1 md 873 122
1 md 872 122
1 md 870 123
1 md 866 123
1 md 861 123
1 md 857 123
1 md 854 123
1 md 853 123
0
1 md 852 123
0
0
1 md 851 123
1 md 851 122
1 md 851 121
1 md 851 120
1 md 851 118
2 ku 100 851 117 md 851 117
1 md 851 116
0
1 md 851 115
1 md 850 115
1 md 850 113
1 md 850 112
1 md 848 108
1 md 847 105
1 md 845 102
1 md 845 99
0
0
0
0
0
0
1 ku 119 845 99
0
0
0
0
0
1 kd 119 845 99
0
0
0
0
0
0
0
0
0
1 md 846 99
0
0
0
1 ku 119 846 99
1 md 847 99
0
1 md 848 99
0
1 md 848 100
1 md 849 100
1 md 849 101
1 md 850 102
1 md 851 103
1 kd 115 851 103
1 md 851 104
1 md 853 104
1 md 853 105
1 md 855 105
0
1 md 856 107
0
1 md 856 108
1 md 858 108
1 md 858 109
1 md 859 109
1 md 860 111
1 md 861 114
1 md 862 116
1 md 863 119
1 md 864 122
1 md 864 128
1 md 864 134
1 md 864 141
1 md 864 147
1 md 864 152
1 md 864 158
1 md 864 162
1 md 864 167
1 md 864 171
1 md 864 176
1 md 864 181
1 md 863 185
1 md 861 189
1 md 860 190
1 md 860 191
1 md 856 195
1 md 854 196
1 md 851 199
1 md 846 202
1 md 840 204
1 md 835 206
1 md 831 207
1 md 830 207
0
1 md 829 207
0
1 md 828 207
0
1 md 827 207
2 kd 97 825 205 md 825 205
1 md 823 202
1 md 822 199
1 md 821 197
1 md 821 196
1 md 821 195
0
2 ku 115 821 194 md 821 194
1 md 821 193
0
1 md 821 191
1 md 820 187
2 kd 119 819 180 md 819 180
1 md 819 178
1 ku 97 819 178
1 md 819 177
1 md 819 176
0
0
0
0
0
0
0
0
0
0
0
0
1 md 819 175
1 md 819 174
1 md 819 173
1 md 819 171
1 md 819 169
1 md 819 165
1 md 818 160
1 md 817 154
1 md 815 145
1 md 810 130
1 md 807 121
1 md 805 113
1 md 803 104
1 md 800 95
1 md 794 76
1 md 792 69
1 md 788 54
1 md 787 51
1 md 786 46
1 md 786 45
1 md 786 43
0
1 md 786 42
0
0
0
0
0
0
0
0
0
0
0
0
0
0
0
0
0
1 md 786 41
0
0
0
0
1 md 786 40
0
1 md 785 39
0
0
1 md 785 38
0
0
0
0
0
0
1 md 785 37
0
0
0
0
0
0
0
0
0
0
0
0
0
0
0
1 md 785 36
0
2 mb 1 0 785 36 mm 785 35
0
1 mm 785 34
0
1 mm 785 33
0
1 mm 785 32
1 mm 785 31
1 mm 783 29
0
1 mm 783 27
0
0
1 mm 783 26
2 kd 100 785 26 mm 785 26
1 mm 790 26
2 ku 119 801 29 mm 801 29
1 mm 816 36
1 mm 834 48
1 mm 855 64
1 mm 875 82
1 mm 893 100
1 mm 904 116
1 mm 911 132
2 kd 115 916 166 mm 916 166
2 ku 100 916 183 mm 916 183
1 mm 916 198
1 mm 914 213
1 mm 912 225
1 mm 910 234
1 mm 907 239
1 mm 905 243
2 mb 1 1 905 243 md 903 245
1 md 902 246
0
1 md 902 247
1 md 900 247
0
1 kd 97 900 247
1 md 899 248
1 md 898 248
1 md 895 249
1 md 891 250
1 md 887 251
1 md 882 252
1 md 876 253
1 md 869 253
1 md 860 251
1 md 852 247
1 md 844 243
1 md 837 239
1 md 831 235
1 md 829 232
1 md 828 229
0
0
1 md 828 228
0
0
1 ku 97 828 228
1 kd 100 828 228
0
0
0
0
0
0
0
0
2 mb 1 0 828 228 ku 115 828 228
0
0
0
0
0
0
0
0
1 mb 1 1 828 228
0
1 md 828 229
1 md 828 230
1 md 828 231
1 md 826 231
1 md 824 233
1 md 823 234
0
1 kd 97 823 234
1 ku 100 823 234
0
0
0
0
0
0
0
0
0
1 md 823 235
1 md 823 237
1 md 823 239
1 md 823 244
2 kd 100 823 251 md 823 251
1 md 821 257
1 md 820 263
2 ku 97 817 268 md 817 268
1 md 815 272
1 md 814 273
1 md 812 274
1 md 811 276
1 md 807 277
1 md 803 280
1 md 800 282
1 md 796 285
1 md 794 287
1 md 791 290
2 kd 97 789 294 md 789 294
2 ku 100 787 297 md 787 297
1 md 785 302
1 md 782 305
1 md 781 308
1 md 780 309
0
0
0
1 md 780 310
2 kd 115 779 310 md 779 310
1 md 778 309
1 md 776 305
1 md 774 298
1 md 775 289
1 md 777 284
1 md 779 279
1 md 780 278
1 md 781 277
1 md 782 277
1 md 783 277
1 md 785 277
1 md 786 277
1 md 787 277
1 ku 97 787 277
1 md 787 278
2 kd 100 786 282 md 786 282
1 md 783 288
1 md 776 297
1 md 768 305
1 md 758 315
1 md 747 323
1 md 735 331
2 ku 100 724 337 md 724 337
1 md 714 342
2 kd 97 705 345 md 705 345
1 md 699 347
1 md 693 347
1 md 688 348
1 md 685 348
1 md 683 348
0
0
1 md 681 348
0
0
0
0
1 md 679 339
1 md 672 321
1 md 666 303
2 ku 115 662 296 md 662 296
0
0
0
1 md 662 297
2 kd 119 662 303 md 662 303
1 md 662 309
1 md 662 314
1 md 661 319
1 md 660 321
1 md 660 322
1 md 659 322
2 ku 97 659 324 md 659 324
0
0
1 md 659 325
1 md 659 326
1 md 658 327
1 md 658 329
1 md 657 332
1 md 656 334
1 md 655 337
1 md 654 338
2 kd 100 650 341 md 650 341
1 md 639 347
1 md 635 348
1 md 632 349
0
0
1 md 632 351
0
1 md 631 352
1 md 631 356
1 md 630 359
1 md 630 361
1 md 630 363
0
0
0
0
0
0
0
0
1 md 631 363
1 md 633 363
1 md 636 363
1 md 637 363
1 md 639 363
1 md 640 363
1 md 642 363
1 md 644 363
1 md 646 363
1 md 648 363
1 md 649 363
1 md 650 362
1 md 651 362
1 md 652 362
0
0
0
0
0
0
1 md 653 362
0
1 md 654 362
1 md 654 364
1 md 655 364
2 ku 119 656 364 md 656 364
1 md 657 364
1 md 659 364
1 md 660 364
1 md 662 364
1 md 663 364
1 md 664 364
0
1 md 665 364
0
0
0
0
0
0
0
0
1 md 665 363
0
0
2 ku 100 664 363 md 664 363
0
0
1 md 663 362
0
0
1 md 663 361
1 md 662 361
1 md 661 359
1 md 661 357
1 md 661 356
2 kd 97 661 354 md 661 354
1 md 662 352
1 md 664 351
2 kd 115 666 350 md 666 350
1 md 667 349
1 md 669 349
1 md 670 349
2 ku 97 672 349 md 672 349
1 md 675 348
1 md 676 348
1 md 678 348
1 md 680 348
0
1 md 681 348
1 md 682 348
1 md 683 348
0
1 md 684 348
1 md 685 348
0
1 md 686 348
0
1 md 687 348
1 kd 100 687 348
0
0
0
0
0
0
0
0
0
0
1 md 688 348
0
0
0
0
0
1 md 688 347
0
0
0
1 md 689 347
1 mb 1 0 689 347
1 mm 689 346
1 mm 690 346
0
2 ku 100 690 345 mm 690 345
1 mm 692 345
0
1 mm 693 345
1 mm 693 343
0
1 mm 694 343
1 mm 695 342
0
1 mm 696 341
1 mm 698 340
1 mm 701 338
1 mm 707 334
1 mm 716 327
1 mm 727 317
1 mm 735 313
1 mm 757 304
2 kd 100 782 292 mm 782 292
1 mm 790 288
1 mm 796 287
0
0
1 mb 1 1 796 287
1 md 796 286
0
0
1 md 797 285
1 md 798 285
1 md 798 284
1 md 800 284
1 md 804 283
1 md 811 283
1 md 821 284
1 md 833 287
1 md 844 292
1 md 855 297
1 md 877 308
1 md 882 311
1 md 888 314
1 md 888 315
0
0
0
0
0
0
0
0
0
1 ku 115 888 315
0
1 md 888 316
1 md 887 316
0
0
0
1 mb 1 0 887 316
0
0
0
0
1 mm 887 317
1 mm 887 318
1 mm 887 319
1 mm 887 321
1 mm 886 323
1 mm 885 325
1 mm 884 327
1 mm 884 328
1 mm 883 328
1 mm 883 329
0
0
0
0
1 mb 1 1 883 329
0
0
0
0
0
0
0
0
1 mb 1 0 883 329
0
0
1 mm 883 328
1 mm 883 326
1 mm 882 323
1 mm 874 320
1 mm 864 322
1 mm 858 333
2 mb 1 1 858 333 md 855 347
2 kd 115 855 349 md 855 349
2 ku 100 857 352 md 857 352
1 md 859 353
1 md 869 353
1 md 879 353
1 md 888 352
2 kd 97 894 350 md 894 350
1 md 899 349
1 md 903 348
1 md 906 348
1 md 910 348
1 md 915 349
1 md 921 351
1 md 925 352
1 md 928 354
1 md 930 355
1 md 931 355
1 ku 115 931 355
1 md 931 356
0
0
1 md 932 357
1 md 933 357
0
0
0
0
1 md 933 358
1 md 932 358
1 md 932 359
1 kd 115 932 359
1 md 930 362
3 kd 100 925 373 ku 97 925 373 md 925 373
1 md 922 390
1 md 922 403
1 md 921 413
1 md 920 419
1 md 917 424
1 md 908 431
1 md 892 445
2 ku 100 874 452 md 874 452
1 md 870 452
1 md 868 452
1 md 868 453
2 kd 100 867 454 md 867 454
1 md 865 454
1 md 864 454
2 ku 115 862 453 md 862 453
1 md 861 451
1 md 860 451
0
0
0
0
0
0
0
1 kd 115 860 451
0
0
1 md 860 449
2 ku 100 861 449 md 861 449
1 md 862 446
1 md 864 444
2 kd 100 866 444 md 866 444
1 md 867 443
1 md 868 442
0
1 md 869 440
1 md 869 438
2 ku 100 869 437 md 869 437
1 md 869 435
0
1 md 869 432
1 md 869 431
1 md 871 432
1 md 872 434
1 md 872 437
1 md 873 437
0
0
0
1 kd 100 873 437
0
1 md 874 437
1 md 875 438
0
2 mb 1 0 875 438 mm 875 439
1 mm 877 439
1 mm 884 438
1 mm 889 437
0
0
0
0
0
0
1 mm 886 429
1 mm 881 406
1 mm 873 371
0
1 mm 874 371
1 mm 879 386
1 mm 884 407
1 mm 895 473
2 ku 100 900 533 mm 900 533
1 mm 903 568
1 mm 903 576
1 mm 911 596
1 mm 918 607
1 mm 921 612
1 mm 921 613
1 mm 921 614
1 mm 921 615
0
1 mm 917 611
1 mm 903 591
1 mm 893 573
0
1 mm 894 572
0
0
1 mm 890 570
1 mm 884 566
1 mm 878 561
1 mm 876 558
0
0
0
0
1 kd 100 876 558
0
0
0
1 mm 876 557
0
1 mm 877 556
1 mm 878 555
0
1 mm 878 554
0
0
0
0
0
0
0
0
0
0
0
0
0
1 ku 100 878 554
0
1 mm 879 553
0
0
0
0
0
1 ku 115 879 553
0
0
0
1 mm 878 550
1 mm 875 538
1 mm 875 526
1 mm 875 520
1 mm 879 515
1 mm 884 514
0
0
0
0
0
0
0
0
0
0
0
1 mm 886 513
1 mm 884 513
1 mm 883 512
1 mm 882 510
1 mm 881 510
0
0
0
0
0
0
0
0
0
0
0
0
0
0
0
0
0
0
0
0
0
0
0
0
0
0
0
0
0
0
0
0
0
0
0
0
0
0
0
0
1 mm 881 509
1 mm 883 504
1 mm 887 498
1 mm 893 491
1 mm 900 482
1 mm 908 472
1 mm 914 465
1 mm 918 459
1 mm 920 455
1 mm 920 454
1 mm 920 453
1 mm 921 451
1 mm 923 445
1 mm 927 436
1 mm 930 429
1 mm 939 414
1 mm 952 393
1 mm 967 376
1 mm 978 365
1 mm 982 360
1 mm 982 359
0
0
0
0
0
1 mm 983 358
1 mm 982 358
1 mm 980 357
2 kd 100 980 355 mm 980 355
1 mm 982 353
1 mm 984 348
1 mm 986 342
1 mm 988 335
1 mm 991 326
1 mm 992 319
1 mm 995 314
1 mm 997 312
1 mm 999 310
1 mm 1000 310
0
1 mm 1001 310
1 mm 1002 310
1 mm 1004 310
2 kd 119 1008 310 mm 1008 310
1 mm 1010 310
1 mm 1012 311
0
0
0
1 mm 1013 311
0
0
0
0
0
0
0
0
0
1 mm 1012 311
1 mm 1010 311
1 mm 1006 311
1 mm 1003 311
1 mm 1001 311
1 mm 1000 311
1 mm 999 311
0
0
0
0
0
0
0
0
0
0
0
0
0
0
0
0
1 ku 119 999 311
0
0
0
0
0
0
0
1 kd 115 999 311
0
1 mm 999 312
1 mm 998 312
0
0
0
0
0
1 mm 998 313
1 mm 997 313
1 ku 100 997 313
0
0
1 mm 997 314
1 mm 997 315
1 mm 997 317
1 mm 997 321
1 mm 997 329
1 mm 1000 343
1 mm 1005 359
1 mm 1010 377
1 mm 1016 394
1 mm 1022 411
1 mm 1028 429
1 mm 1034 445
1 mm 1039 460
1 mm 1044 472
1 mm 1047 482
1 mm 1049 488
0
0
1 kd 100 1049 488
1 mm 1048 488
1 mm 1045 488
1 mm 1041 488
1 mm 1037 486
1 mm 1033 485
1 mm 1031 484
1 mm 1030 483
1 mm 1029 483
0
0
1 mm 1029 482
0
1 mm 1028 482
0
0
1 mm 1028 481
1 mm 1027 481
0
0
1 ku 115 1027 481
2 ku 100 1027 480 mm 1027 480
0
0
1 mm 1025 480
0
0
0
0
0
1 mm 1024 480
0
0
0
1 mm 1023 479
0
0
0
0
0
0
0
1 mm 1022 479
1 mm 1021 478
1 mm 1018 476
1 mm 1012 472
1 mm 1007 464
1 mm 1000 453
1 mm 987 436
1 mm 975 429
1 mm 973 429
1 mm 975 433
0
0
0
0
0
0
0
0
0
0
0
0
0
0
0
0
0
0
0
0
0
0
0
0
0
0
0
0
0
1 mm 978 432
0
1 mm 978 431
0
0
0
1 mm 978 430
0
1 mm 979 430
0
1 mm 980 429
0
0
0
1 mm 981 429
1 mm 981 428
1 mm 982 428
1 mm 984 427
1 mm 991 417
1 mm 1002 400
1 mm 1021 365
1 mm 1041 317
1 mm 1049 285
1 mm 1049 279
1 mm 1048 278
1 mm 1048 276
1 mm 1048 275
1 mb 1 1 1048 275
1 md 1049 274
1 md 1053 274
1 md 1061 272
1 md 1074 269
1 md 1091 266
1 md 1107 262
1 md 1121 259
1 md 1131 256
1 md 1137 254
1 md 1139 253
1 md 1140 253
1 md 1142 253
1 md 1143 253
1 md 1145 253
1 md 1147 253
1 md 1149 257
1 md 1153 271
1 md 1156 291
1 md 1159 312
1 md 1162 335
1 md 1163 349
1 md 1164 357
1 md 1165 363
1 md 1165 367
0
0
1 md 1165 369
1 md 1164 369
1 md 1158 368
1 md 1148 362
1 md 1142 358
1 md 1138 354
1 md 1136 351
1 md 1135 348
1 md 1135 347
1 md 1135 346
0
0
1 md 1135 345
1 md 1135 343
2 kd 100 1134 342 md 1134 342
1 md 1134 340
0
0
0
0
1 kd 119 1134 340
0
1 md 1132 339
1 md 1130 339
1 md 1126 336
1 md 1121 333
1 md 1114 330
1 md 1112 328
1 ku 100 1112 328
0
2 ku 119 1112 327 md 1112 327
0
0
0
0
0
0
0
1 md 1112 328
1 md 1113 331
1 md 1113 336
1 md 1114 341
1 md 1115 345
0
0
0
0
1 md 1115 340
1 md 1113 326
1 md 1108 309
1 md 1106 292
1 md 1105 275
1 md 1105 264
1 md 1105 257
1 md 1105 252
1 md 1105 249
1 md 1107 246
1 md 1109 244
1 md 1113 242
1 md 1122 240
1 md 1134 238
2 kd 119 1149 238 md 1149 238
2 kd 100 1166 239 md 1166 239
1 md 1180 239
2 ku 119 1191 238 md 1191 238
1 md 1198 237
1 md 1201 237
1 md 1203 237
0
0
0
1 ku 100 1203 237
0
1 md 1204 237
1 md 1205 234
1 md 1205 219
1 md 1203 208
1 md 1200 197
1 md 1196 186
1 md 1192 177
1 md 1189 172
1 md 1185 167
1 md 1180 162
1 md 1176 158
1 md 1171 155
1 md 1165 153
1 md 1159 151
1 md 1152 150
2 kd 115 1143 150 md 1143 150
1 md 1133 150
1 md 1122 150
1 md 1114 153
1 md 1108 158
1 md 1102 165
1 md 1094 172
1 md 1088 178
1 md 1081 184
1 md 1074 188
2 ku 115 1066 192 md 1066 192
1 md 1055 196
1 md 1046 200
1 md 1038 203
1 md 1035 204
1 md 1034 204
0
0
0
0
2 kd 119 1033 203 md 1033 203
1 md 1033 201
1 md 1033 200
0
1 md 1034 201
1 md 1042 211
0
0
0
0
0
0
0
0
0
0
0
0
0
1 kd 100 1042 211
0
0
0
0
0
0
1 md 1073 192
1 md 1087 175
1 md 1103 161
1 md 1115 149
1 md 1128 136
1 md 1139 123
1 md 1150 112
1 md 1160 103
1 md 1167 94
1 md 1171 87
1 md 1174 80
1 md 1177 74
2 ku 119 1179 70 md 1179 70
1 md 1180 67
1 md 1182 66
0
1 md 1182 64
1 md 1184 64
0
1 md 1185 64
1 md 1185 63
1 md 1186 63
1 md 1187 63
1 md 1191 63
1 md 1195 63
1 md 1199 63
1 md 1201 63
0
1 md 1203 63
0
1 kd 119 1203 63
0
0
0
0
0
0
0
0
1 md 1202 63
0
1 md 1201 63
0
1 md 1200 63
0
0
0
0
0
0
1 md 1201 64
1 md 1202 66
1 md 1204 67
1 md 1206 68
1 md 1206 70
1 md 1208 71
1 md 1209 71
1 md 1210 72
0
0
0
1 ku 119 1210 72
0
0
1 md 1211 72
1 md 1212 72
1 md 1214 72
0
2 ku 100 1215 73 md 1215 73
1 md 1216 73
1 md 1219 73
1 md 1226 74
1 md 1232 74
1 md 1235 75
2 kd 97 1237 77 md 1237 77
1 md 1239 79
2 kd 115 1241 82 md 1241 82
1 md 1243 86
1 md 1247 93
1 md 1252 106
1 md 1258 119
0
0
0
1 ku 97 1258 119
0
0
0
0
0
0
1 kd 100 1258 119
1 ku 115 1258 119
0
0
0
1 md 1258 121
1 md 1261 124
2 ku 100 1266 125 md 1266 125
1 md 1268 122
1 md 1271 119
1 md 1275 114
2 md 1277 106 md 640 360
2 kd 97 641 347 md 641 347
1 md 641 332
1 md 642 318
1 md 642 305
1 md 642 295
1 md 644 287
1 md 645 278
1 md 646 273
1 md 646 271
1 md 646 270
0
0
0
1 md 649 273
1 md 662 284
1 md 670 289
1 md 678 295
2 ku 97 686 300 md 686 300
1 md 691 304
1 md 695 306
0
0
0
0
0
1 md 694 307
1 md 689 307
1 md 682 304
1 md 672 301
1 md 663 297
1 md 655 294
1 md 649 291
1 md 646 290
1 md 643 288
1 md 640 287
0
1 kd 115 640 287
0
0
0
0
0
1 md 641 290
1 md 643 292
1 md 645 294
0
1 md 647 296
0
1 md 647 297
0
0
0
1 md 648 297
0
1 md 648 298
1 md 650 298
1 md 650 299
0
1 md 650 300
1 md 650 301
0
1 md 650 302
1 md 650 303
1 md 649 305
1 md 648 307
1 md 646 308
2 ku 115 646 309 md 646 309
1 kd 97 646 309
1 md 646 310
0
2 kd 115 646 311 md 646 311
1 md 646 312
1 md 646 313
1 md 646 319
1 md 645 322
1 md 644 325
1 md 643 329
1 md 641 333
1 md 639 335
2 ku 115 638 336 md 638 336
1 md 638 337
1 md 636 337
1 md 636 338
1 md 636 339
1 md 636 340
1 md 634 342
1 md 633 344
1 md 633 345
0
1 md 632 345
1 md 632 346
0
2 kd 115 631 346 md 631 346
0
1 md 630 349
1 md 628 352
1 md 625 355
1 md 621 361
2 ku 115 616 368 md 616 368
1 md 612 376
1 md 608 385
1 md 606 396
1 md 603 406
1 md 601 415
1 md 600 421
0
2 ku 97 600 423 md 600 423
0
2 kd 100 602 423 md 602 423
0
1 md 603 421
1 md 611 405
1 md 613 373
1 md 609 335
1 md 609 319
2 md 606 307 kd 119 606 307
1 md 600 298
1 md 595 292
1 md 591 287
0
0
1 md 589 287
0
1 md 588 288
1 md 583 292
1 md 574 303
1 md 560 318
1 md 542 335
1 md 525 352
1 md 507 369
1 md 491 388
1 md 474 405
1 md 447 430
1 md 435 443
1 md 423 454
1 md 416 460
1 md 409 464
1 md 401 468
1 md 393 470
1 md 388 470
1 md 382 470
1 md 373 469
1 md 361 458
1 md 352 441
1 md 347 429
1 md 346 423
1 md 346 418
1 md 346 414
1 md 346 409
1 md 347 403
1 md 347 393
1 md 348 385
1 md 348 379
1 md 348 377
1 md 349 376
0
1 md 349 375
1 md 350 375
0
0
2 ku 100 351 375 md 351 375
0
1 md 352 375
2 ku 119 353 375 md 353 375
0
1 md 354 376
1 md 356 378
1 md 358 380
1 md 360 383
1 md 362 385
1 md 363 389
1 md 364 391
1 md 365 392
0
0
0
1 md 365 390
2 kd 100 364 385 md 364 385
1 md 363 380
1 md 363 376
1 md 363 373
1 md 364 372
0
1 md 365 372
0
1 ku 100 365 372
0
0
0
0
0
1 kd 115 365 372
0
0
0
0
0
0
0
0
0
0
0
0
1 md 366 372
0
0
0
0
0
0
1 md 366 371
1 md 366 369
1 md 367 365
1 md 369 360
1 md 370 353
1 md 372 346
1 md 376 339
1 md 382 333
1 md 387 328
1 md 391 324
0
2 kd 97 394 322 md 394 322
0
0
0
0
1 md 395 322
0
0
1 md 396 322
0
1 md 396 323
0
1 md 398 324
1 md 399 325
0
1 md 400 325
1 md 401 326
1 md 402 327
0
1 md 403 327
1 md 403 328
1 md 404 328
1 md 404 330
1 md 405 332
1 md 405 333
1 md 406 334
0
0
0
0
0
0
0
0
0
1 ku 115 406 334
0
0
0
0
0
0
0
0
0
0
0
0
0
0
0
0
0
0
0
0
0
0
0
0
0
1 kd 100 406 334
0
0
1 ku 97 406 334
0
0
0
0
1 kd 119 406 334
0
0
0
0
0
0
0
0
0
0
0
0
0
0
1 md 406 335
1 md 407 335
1 md 407 336
1 md 408 337
1 md 408 342
1 md 409 351
1 md 410 367
1 md 414 393
1 md 419 420
0
1 md 421 424
1 md 431 436
1 md 442 445
1 md 455 451
1 md 467 454
1 md 478 454
1 md 492 454
1 md 506 452
1 md 516 447
1 md 520 445
1 md 524 443
1 md 527 443
1 md 528 443
1 md 533 443
1 md 538 446
1 md 545 450
1 md 558 458
1 md 573 470
2 ku 100 587 480 md 587 480
1 md 599 491
1 md 605 497
1 md 610 501
1 md 611 503
0
1 md 613 504
1 md 614 505
1 md 615 505
0
1 md 616 506
1 md 616 507
0
1 md 617 508
1 md 617 509
0
0
1 kd 97 617 509
0
1 md 617 510
0
1 md 617 511
1 md 617 512
1 md 617 513
0
1 md 617 514
1 md 617 515
1 md 617 516
0
0
1 md 617 517
0
0
0
1 md 615 517
1 md 614 517
1 md 613 517
0
1 md 612 517
0
0
1 md 611 517
1 md 610 516
1 md 607 515
1 md 606 515
0
1 md 605 515
0
0
0
0
0
0
1 md 604 515
0
0
0
1 md 604 514
1 md 603 514
1 md 602 513
1 md 600 511
1 md 598 509
1 md 598 508
1 md 597 508
1 md 597 506
0
1 md 597 505
1 md 596 504
1 md 596 503
1 md 595 501
0
1 md 595 500
0
0
1 md 595 499
0
0
1 md 596 499
0
0
0
0
0
1 md 596 500
1 md 595 500
1 md 591 500
1 md 587 500
1 md 581 500
1 md 573 500
1 md 564 499
1 md 554 498
1 md 541 498
1 md 539 498
1 ku 119 539 498
0
0
0
0
0
0
1 kd 115 539 498
1 md 539 497
1 md 540 496
0
1 md 541 496
0
1 md 542 495
0
0
1 md 542 494
1 md 544 492
1 md 547 486
1 md 552 474
1 md 556 461
1 md 561 445
1 md 563 425
1 md 565 403
1 md 565 379
1 md 564 352
1 md 563 329
2 ku 97 565 310 md 565 310
1 md 572 293
3 mb 1 0 572 293 kd 100 582 279 mm 582 279
1 mm 596 272
1 mm 613 269
1 mm 631 266
1 mm 649 266
1 mm 665 267
1 mm 678 271
1 mm 693 280
0
0
1 ku 115 693 280
0
0
0
0
0
0
0
0
0
0
0
0
0
1 mm 692 275
1 mm 689 261
1 mm 692 252
1 mm 695 244
1 mm 697 237
1 mm 698 233
0
1 mm 698 232
1 mm 699 228
1 mm 699 222
1 mm 700 215
1 mm 701 209
1 mm 702 202
1 mm 702 199
0
0
0
0
1 mb 1 1 702 199
0
0
1 md 703 199
1 md 705 199
1 md 707 200
1 md 710 201
1 md 714 201
1 md 719 203
1 md 723 203
1 md 724 203
0
0
0
0
0
1 md 724 202
1 md 722 200
1 md 719 196
1 md 713 189
1 md 705 182
1 md 699 176
1 md 694 172
2 mb 1 0 694 172 mm 689 166
1 mm 684 159
1 mm 679 152
1 mm 674 142
1 mm 671 134
1 mm 669 128
1 mm 669 126
1 mm 668 124
1 mm 668 123
0
2 kd 119 668 122 mm 668 122
0
0
0
0
0
0
0
1 mm 667 121
1 mm 669 121
1 mm 670 119
1 mm 672 117
1 mm 674 115
1 mm 676 113
1 mm 677 112
1 mm 678 111
1 mm 680 110
1 mm 681 110
1 mm 683 110
1 mm 684 110
1 ku 100 684 110
0
1 mb 1 1 684 110
0
0
0
0
0
0
0
0
0
0
0
0
0
0
1 md 684 111
0
1 md 684 112
0
0
0
0
0
0
0
2 kd 100 683 112 md 683 112
0
2 mb 1 0 683 112 mm 683 111
1 mm 682 111
0
1 mm 681 111
1 mm 680 110
1 mm 678 110
1 mm 677 109
0
1 mm 676 109
0
1 mm 676 107
1 mm 673 105
2 ku 100 666 102 mm 666 102
1 mm 657 98
1 mm 647 94
1 mm 636 92
1 mm 626 89
1 mm 609 84
1 mm 600 82
1 mm 591 79
1 mm 588 79
1 ku 119 588 79
1 mm 587 79
1 mm 584 79
1 mm 582 80
1 mm 581 81
2 mb 1 1 581 81 md 580 81
2 kd 97 580 81 kd 119 580 81
2 ku 97 579 82 md 579 82
1 md 578 82
0
1 md 577 82
1 md 574 82
1 md 572 82
1 md 569 82
1 md 567 82
1 md 565 82
1 md 563 82
1 md 562 82
2 kd 97 560 82 md 560 82
2 ku 119 559 82 md 559 82
0
1 md 558 82
1 md 556 82
1 md 553 81
1 md 550 78
0
1 md 550 76
1 md 550 74
2 kd 119 557 64 md 557 64
1 md 567 56
2 ku 97 575 52 md 575 52
1 md 598 46
1 md 614 42
1 md 643 37
1 md 660 25
1 md 668 21
1 md 675 18
1 md 695 14
1 md 703 14
1 md 717 16
1 md 722 18
1 md 730 22
3 kd 97 738 26 ku 119 738 26 md 738 26
1 md 754 33
1 md 759 35
1 md 761 36
1 md 763 39
1 md 763 42
1 md 764 47
2 kd 115 764 53 md 764 53
2 ku 97 764 58 md 764 58
1 md 764 61
1 md 764 62
0
1 md 763 62
0
1 md 762 62
1 md 761 62
2 ku 115 761 63 md 761 63
1 md 759 63
0
0
0
1 kd 100 759 63
0
0
0
0
0
0
0
0
1 ku 100 759 63
0
0
0
0
1 md 758 63
1 md 758 61
1 md 757 60
0
1 md 756 59
0
0
0
0
0
0
0
0
0
1 md 756 58
2 kd 100 756 57 md 756 57
1 md 756 55
1 md 756 53
1 md 756 51
1 md 756 50
1 md 756 49
1 md 756 48
0
1 md 756 46
0
0
1 ku 100 756 46
0
0
0
0
0
0
0
0
0
0
0
0
0
0
1 md 755 46
1 md 755 47
0
0
0
1 kd 100 755 47
0
0
0
0
0
0
0
1 mb 1 0 755 47
1 mm 754 47
1 kd 115 754 47
1 ku 100 754 47
0
0
0
0
1 mm 753 48
1 mm 753 49
0
2 mb 1 1 753 49 md 752 49
1 md 752 50
1 md 751 50
1 md 750 51
1 md 749 52
1 md 747 52
1 md 746 53
1 md 744 54
1 md 742 57
1 md 738 61
1 md 735 64
1 md 732 66
1 md 726 71
1 md 723 72
1 md 719 74
1 md 717 74
1 md 712 76
1 md 709 76
1 md 708 77
2 ku 115 707 77 md 707 77
1 md 706 77
1 md 706 78
1 md 702 78
3 mb 1 0 702 78 kd 97 701 78 mm 701 78
1 mm 698 78
1 ku 97 698 78
1 mm 697 78
1 mm 696 78
1 kd 119 696 78
0
0
0
0
1 mm 695 78
1 mm 694 78
0
0
1 mm 693 78
0
1 kd 97 693 78
0
1 mm 692 78
0
0
1 mm 692 76
1 mm 691 76
0
1 mm 691 75
0
0
0
0
0
1 mm 692 79
0
0
0
0
0
1 ku 97 692 79
0
0
0
0
0
0
0
0
0
0
0
0
1 mm 698 76
1 mm 706 75
1 mm 706 74
1 mm 706 72
1 mm 705 65
1 mm 701 54
1 mm 697 42
1 mm 693 29
1 mm 691 16
2 mm 690 0 mm 640 360
1 mm 640 348
1 mm 642 338
1 mm 642 336
1 mm 642 335
0
0
0
0
0
0
0
0
0
0
0
0
0
0
1 mm 641 335
0
0
1 mm 640 335
0
1 mm 639 335
1 ku 119 639 335
0
1 mm 638 335
0
1 mm 638 336
0
1 mm 637 337
1 mm 630 344
1 mm 621 350
2 mb 1 1 621 350 md 595 366
2 kd 115 566 379 md 566 379
1 md 546 384
1 md 529 385
1 md 522 385
1 md 509 383
1 md 504 380
1 md 496 369
1 md 495 365
1 md 495 350
1 md 496 342
1 md 497 340
1 md 499 338
1 md 501 336
1 md 507 333
1 md 514 330
1 md 523 328
1 md 531 327
1 md 539 327
1 md 549 328
1 md 559 331
1 md 571 336
1 md 583 340
1 md 594 344
1 md 601 347
1 md 606 349
0
0
0
1 md 606 350
1 md 606 352
1 md 605 354
2 ku 115 600 364 md 600 364
1 md 595 371
1 md 586 388
1 md 582 397
1 md 575 413
1 md 570 428
1 md 565 441
1 md 562 452
1 md 562 454
1 md 562 456
1 md 562 457
0
1 kd 100 562 457
0
0
0
0
1 ku 100 562 457
0
0
0
1 mb 1 0 562 457
0
1 mm 563 457
0
0
0
0
0
0
0
0
0
0
0
0
0
0
0
0
0
0
0
0
0
0
0
0
0
0
0
0
0
0
0
0
0
0
0
0
0
1 kd 115 563 457
0
0
0
0
0
0
0
0
0
0
0
0
0
0
0
0
1 ku 115 563 457
0
0
0
0
0
0
0
0
0
0
0
0
0
0
1 kd 100 563 457
0
0
0
0
0
1 kd 119 563 457
0
0
0
0
0
0
0
0
0
0
0
0
0
0
1 ku 100 563 457
0
0
0
0
1 ku 119 563 457
0
0
0
0
0
0
0
0
0
0
0
0
0
0
0
0
0
0
0
0
0
0
0
0
0
0
0
0
0
0
0
0
0
0
0
0
0
0
0
0
0
0
0
0
0
0
0
0
0
0
0
0
0
0
0
0
0
0
0
1 mm 570 456
1 mm 586 456
1 mm 592 455
1 mm 593 454
1 mm 593 453
1 mm 593 452
0
1 mm 594 452
1 mm 594 451
1 mm 595 451
1 mm 599 451
1 mm 604 449
1 mm 611 446
1 mm 619 444
1 mm 627 443
1 mm 633 441
1 mm 638 439
1 mm 641 438
1 mm 643 437
1 mm 644 436
1 mm 645 436
0
0
0
1 mm 647 435
1 mm 649 434
1 mm 650 432
1 mm 655 430
1 mm 664 424
1 mm 676 415
1 mm 689 402
1 mm 696 395
1 mm 713 379
1 mm 736 357
1 mm 747 347
1 mm 758 338
1 mm 768 333
1 mm 776 329
1 mm 781 326
1 mm 783 326
1 mm 784 326
0
1 mm 785 326
1 mm 787 326
1 mm 789 328
1 mm 794 330
1 mm 799 332
1 mm 803 335
1 mm 805 339
1 mm 807 346
1 mm 809 359
2 mb 1 1 809 359 md 810 374
1 md 812 386
1 md 812 395
1 md 812 399
0
0
0
0
0
0
0
0
0
0
0
0
0
0
1 md 813 400
1 md 814 400
1 md 817 402
1 md 821 405
1 md 825 409
1 md 827 411
1 md 828 412
0
1 md 828 416
1 md 830 418
1 md 831 422
1 md 832 425
1 md 833 429
1 md 834 433
1 md 834 437
1 md 834 441
1 md 834 446
1 md 834 449
1 md 834 453
1 md 834 454
0
0
0
0
0
0
0
1 md 834 453
1 md 834 452
1 md 834 450
0
1 md 834 448
0
1 md 835 447
1 md 835 446
1 md 836 446
1 md 836 445
1 md 837 445
1 md 839 443
1 md 841 441
1 md 842 438
1 md 843 434
1 md 843 429
1 md 844 428
1 md 845 428
1 md 845 427
1 md 846 425
1 md 848 423
1 md 849 421
1 md 850 415
1 md 851 412
1 md 851 409
1 md 851 407
1 md 851 403
1 md 851 400
1 md 851 399
1 md 851 395
1 md 851 393
1 md 851 392
1 md 851 391
0
0
0
0
0
0
0
1 md 850 391
0
1 md 848 391
2 mb 1 0 848 391 mm 846 390
1 mm 843 390
1 mm 837 390
1 mm 833 390
1 mm 828 390
1 mm 824 390
1 mm 821 390
0
1 mm 819 390
1 mm 818 390
1 mm 814 392
1 mm 810 392
1 mm 798 396
1 mm 788 401
1 mm 776 408
1 mm 762 417
1 mm 745 428
1 mm 728 441
1 mm 711 457
1 mm 698 474
1 mm 687 490
1 mm 677 508
1 mm 670 527
1 mm 665 546
1 mm 664 563
1 mm 663 578
1 mm 663 590
1 mm 665 599
1 mm 666 606
1 mm 667 612
1 mm 667 614
0
1 mm 667 616
0
0
0
0
0
0
0
0
0
0
0
0
0
0
0
0
0
0
0
0
0
0
0
0
0
0
0
0
0
0
0
0
0
0
0
0
0
0
0
0
0
0
0
0
0
0
0
0
0
0
0
0
0
0
0
0
0
0
0
0
0
0
0
0
0
0
0
0
0
0
0
0
0
0
0
0
0
0
0
0
0
0
0
0
0
0
0
0
0
0
0
0
0
0
0
0
0
1 kd 27 667 616
0
0
0
0
0
0
0
1 ku 27 667 616
0
0
0
0
0
0
0
0
0
0
0
0
0
0
0
0
0
0
0
0
0
0
0
0
0
0
0
0
0
0
0
0
0
0
0
0
0
0
0
0
0
0
0
0
0
0
0
0
0
0
0
0
0
0
1 sd 113 667 616
0
0
0
0
0
0
0
0
0
0
0
0
0
0
0
0
1 kd 37 667 616
