1292734635 seed, 30 fps, 640x480 fullScreen=0
1 mm 320 240
0
0
0
0
0
0
0
0
0
0
0
0
0
0
0
0
0
0
0
0
0
0
0
0
0
0
0
0
0
0
0
0
0
0
0
0
0
0
0
0
0
0
0
0
0
0
0
0
0
0
0
0
0
0
0
0
0
0
0
0
0
0
0
0
0
0
0
0
0
0
0
0
0
0
0
0
0
0
0
0
0
0
0
0
0
0
0
0
0
0
1 kd 97 320 240
0
0
0
0
0
1 ku 97 320 240
0
0
0
1 kd 119 320 240
0
0
0
0
0
0
0
0
0
0
0
0
1 kd 100 320 240
0
0
0
0
0
0
1 ku 119 320 240
0
1 ku 100 320 240
0
2 mm 321 240 mm 322 241
2 mm 323 241 mm 324 241
1 mm 325 241
1 kd 115 325 241
4 mm 325 242 mm 325 243 mm 325 244 mm 325 245
3 mm 325 246 mm 325 247 mm 325 249
3 mm 326 250 mm 326 252 mm 326 254
3 mm 327 257 mm 327 259 mm 328 262
4 mm 328 264 mm 329 266 mm 329 270 mm 330 272
4 mm 330 275 mm 331 277 mm 331 279 mm 331 281
3 mm 332 282 mm 332 284 mm 332 285
1 mm 332 286
1 mm 332 287
1 mm 332 288
0
0
0
1 mm 332 289
0
0
0
0
0
0
0
0
0
1 ku 115 332 289
0
0
0
0
0
0
0
0
0
0
0
0
1 kd 115 332 289
0
0
0
0
0
0
1 mm 331 289
0
0
0
0
0
0
0
1 mm 330 289
0
0
1 ku 115 330 289
0
0
0
0
0
1 kd 115 330 289
0
0
0
1 mm 331 289
0
1 mm 332 289
0
1 ku 115 332 289
0
1 mm 332 290
0
2 mm 332 291 mm 331 291
2 kd 115 331 292 mm 331 292
1 mm 330 292
1 mm 329 292
1 mm 329 293
0
0
0
0
0
0
0
0
0
0
2 ku 115 330 293 mm 330 293
1 mm 331 292
0
0
1 mm 332 292
0
1 mm 333 292
0
0
1 kd 97 333 292
0
0
0
0
1 mm 333 293
0
1 mm 333 294
0
0
0
1 mm 333 295
2 mm 332 295 ku 97 332 295
0
0
0
0
0
0
1 kd 119 332 295
0
0
0
1 ku 119 332 295
1 mm 333 295
2 mm 333 294 mm 334 294
0
1 kd 97 334 294
1 mm 334 293
0
0
0
0
0
0
0
2 ku 97 334 294 mm 334 294
0
0
0
0
1 mm 334 295
1 mm 333 295
1 mm 333 296
2 mm 332 296 mm 332 297
0
0
0
1 kd 100 332 297
0
0
0
0
0
0
1 ku 100 332 297
1 kd 119 332 297
0
0
0
0
0
1 kd 100 332 297
0
0
0
0
0
0
1 ku 100 332 297
0
0
0
0
0
0
0
0
1 ku 119 332 297
1 mm 331 297
1 kd 97 331 297
0
0
0
0
3 mm 330 297 mm 329 298 mm 328 298
1 mm 327 298
1 mm 326 298
0
1 kd 119 326 298
1 ku 97 326 298
0
0
0
0
1 ku 119 326 298
0
1 kd 100 326 298
0
0
0
0
0
0
1 ku 100 326 298
0
0
0
0
0
0
0
0
1 kd 100 326 298
0
1 mm 325 298
1 ku 100 325 298
0
0
0
0
0
0
0
0
0
0
0
0
0
0
0
0
0
0
0
0
2 mm 326 298 mm 327 298
4 mm 328 296 mm 329 293 mm 331 290 mm 334 287
3 mm 336 280 mm 339 276 mm 342 270
2 mm 348 258 mm 352 252
4 mm 355 244 mm 359 239 mm 362 233 mm 366 227
3 mm 370 222 mm 374 216 mm 378 211
3 mm 382 206 mm 385 201 mm 388 196
3 mm 391 191 mm 393 186 mm 395 182
4 mm 397 177 mm 398 173 mm 398 170 mm 399 167
3 mm 399 165 mm 399 163 mm 399 161
2 mm 399 160 mm 399 159
0
3 mm 398 159 mm 397 159 mm 395 160
3 mm 393 161 mm 391 162 mm 388 163
3 mm 385 165 mm 383 166 mm 380 168
4 mm 378 169 mm 377 170 mm 376 170 mm 375 171
2 mm 375 172 mm 374 172
3 mm 373 174 mm 372 175 mm 371 176
4 mm 371 178 kd 32 371 182 mm 371 180 mm 371 182
9 mm 371 183 mm 371 185 mm 371 186 mm 371 187 mm 371 188 mm 371 189 mm 371 190 mm 371 191 mm 371 192
1 mm 371 194
0
0
1 ku 32 371 194
1 mm 372 194
0
0
0
0
0
0
0
0
0
0
0
0
0
0
0
0
0
0
0
0
0
0
0
0
0
0
0
0
0
0
0
0
0
0
0
0
0
0
0
0
0
0
0
0
0
0
0
0
0
0
0
0
0
0
0
0
0
0
0
0
0
0
0
0
0
0
0
0
0
0
0
0
0
0
0
0
0
0
0
0
0
0
0
0
0
0
0
0
0
1 kd 97 372 194
0
1 kd 119 372 194
0
1 ku 97 372 194
0
1 ku 119 372 194
2 mm 373 194 mm 374 194
1 mm 375 194
1 mm 376 194
3 mm 377 194 mm 378 194 mm 379 194
2 mm 380 194 kd 97 380 194
0
0
0
1 kd 119 380 194
0
0
0
0
5 ku 97 375 190 mm 379 193 mm 378 192 mm 376 191 mm 375 190
11 mm 374 188 mm 373 187 mm 372 186 mm 371 185 mm 370 184 mm 369 183 mm 368 183 mm 367 182 mm 365 181 mm 364 180 mm 362 178
3 mm 360 176 mm 358 174 mm 355 173
4 mm 353 171 mm 351 170 mm 349 168 mm 347 166
5 mm 346 165 mm 344 163 mm 343 162 mm 341 161 mm 340 159
0
3 mm 329 143 mm 329 142 mm 328 141
1 mm 327 140
2 mm 327 139 mm 327 138
1 mm 326 138
0
0
1 ku 119 326 138
0
0
0
1 kd 100 326 138
0
0
0
1 kd 115 326 138
0
0
0
0
0
0
0
0
0
0
1 ku 100 326 138
0
0
0
0
1 kd 100 326 138
0
0
0
0
1 ku 100 326 138
0
0
1 kd 97 326 138
0
0
0
0
0
0
0
0
0
1 ku 115 326 138
0
0
0
0
0
0
0
0
0
0
0
0
0
0
0
0
0
0
0
0
1 kd 119 326 138
0
0
0
1 ku 97 326 138
0
1 kd 100 326 138
0
0
0
0
0
0
0
0
0
0
0
0
0
0
0
0
1 ku 100 326 138
0
0
0
0
0
0
0
0
0
0
0
1 ku 119 326 138
0
0
0
0
0
0
0
0
0
0
0
0
0
0
0
0
0
0
0
0
0
0
0
0
0
0
0
0
0
0
0
0
0
0
0
0
0
0
0
0
0
0
0
0
0
0
0
0
0
0
0
0
0
0
0
0
0
0
0
0
0
0
0
0
0
0
0
0
0
0
0
0
0
0
0
0
0
0
0
0
0
0
0
0
0
0
0
0
0
0
0
0
0
0
0
0
0
0
0
0
0
0
0
0
0
0
0
0
0
0
0
0
0
0
0
0
0
0
0
0
0
0
0
0
0
0
0
0
0
0
0
0
0
0
0
0
0
0
0
0
0
0
0
0
0
0
0
0
0
0
0
0
0
0
0
0
0
0
0
0
0
0
1 kd 115 326 138
0
0
0
0
0
0
0
0
0
0
0
0
0
0
0
0
0
0
0
0
0
0
0
0
0
1 kd 100 326 138
1 ku 115 326 138
0
0
0
0
0
0
0
0
0
0
0
0
0
0
0
1 kd 119 326 138
0
0
0
0
1 ku 100 326 138
0
0
0
0
0
0
0
0
0
0
0
1 kd 97 326 138
0
0
0
0
0
0
0
0
0
0
0
0
0
0
0
1 ku 119 326 138
0
0
0
0
0
0
0
1 kd 115 326 138
0
0
0
1 ku 97 326 138
0
0
0
0
0
0
0
0
0
0
0
0
0
0
0
0
1 kd 97 326 138
0
0
0
0
0
0
0
0
0
0
0
6 mm 325 140 mm 322 152 mm 319 168 mm 317 187 mm 317 205 mm 319 223
4 mm 322 239 mm 328 250 mm 334 261 mm 338 269
3 mm 342 276 mm 346 282 mm 351 287
3 mm 356 292 mm 362 296 mm 367 299
4 mm 372 301 mm 375 302 mm 377 302 mm 378 302
0
1 ku 115 378 302
1 mm 378 303
1 mm 378 304
1 mm 378 301
10 mm 378 295 mm 376 287 ku 97 331 212 mm 373 277 mm 368 267 mm 362 256 mm 355 243 mm 347 232 mm 339 221 mm 331 212
3 mm 324 206 mm 320 202 mm 317 199
4 mm 315 197 mm 313 196 mm 312 195 mm 311 195
3 mm 310 195 mm 309 195 mm 308 195
2 mm 307 197 mm 307 199
2 mm 307 203 mm 307 204
0
3 mm 306 205 mm 306 206 kd 32 306 206
2 mm 305 207 mm 305 208
3 mm 304 210 mm 304 212 mm 304 216
7 mm 305 218 mm 305 221 mm 307 224 mm 308 227 mm 310 230 mm 313 234 mm 314 237
4 mm 315 241 mm 317 245 mm 318 248 mm 319 250
7 mm 320 253 mm 320 255 mm 320 256 mm 320 257 mm 320 258 mm 320 259 mm 319 260
3 mm 318 266 mm 318 269 mm 318 272
1 mm 321 282
3 mm 323 286 mm 324 290 mm 326 295
3 mm 327 299 mm 327 302 mm 328 304
0
0
0
2 ku 32 327 304 mm 327 304
1 mm 327 303
0
0
0
1 mm 326 303
3 mm 325 302 mm 324 302 mm 323 302
4 mm 322 301 mm 321 301 mm 320 300 mm 319 299
3 mm 319 298 mm 318 298 mm 317 298
1 mm 317 297
2 mm 316 297 mm 316 296
0
0
0
0
0
0
0
1 mm 322 294
5 mm 334 291 kd 97 369 287 mm 350 288 mm 364 287 mm 369 287
3 mm 366 285 mm 363 284 mm 362 284
4 mm 361 283 mm 360 281 kd 115 359 277 mm 359 277
5 mm 358 272 mm 356 266 ku 115 353 258 mm 354 262 mm 353 258
5 ku 97 351 251 mm 352 255 mm 351 253 mm 351 252 mm 351 251
1 mm 350 250
0
1 mm 349 250
1 mm 349 249
2 mm 349 248 mm 348 248
1 mm 347 248
2 mm 346 248 mm 345 248
0
0
0
0
0
0
0
0
0
0
0
0
0
0
0
0
0
0
0
0
0
0
0
0
0
0
0
0
0
0
0
0
0
0
0
0
0
0
0
0
0
0
0
0
0
0
0
0
0
0
0
0
0
0
0
0
0
0
0
0
0
0
0
0
0
0
0
0
0
0
0
0
0
0
0
0
0
0
0
0
0
0
0
0
0
0
0
0
0
0
0
0
0
0
0
0
0
0
0
0
0
0
0
0
0
0
0
0
0
0
0
0
0
0
0
0
0
0
0
0
0
0
0
0
0
0
0
0
0
0
0
0
0
0
0
0
0
1 sd 115 345 248
0
0
0
0
0
0
0
0
0
0
0
0
0
0
0
0
0
0
0
0
0
0
0
0
0
0
0
0
0
0
0
0
0
1 kd 3 345 248
0
0
0
1 ku 99 345 248
0
0
0
0
0
0
0
0
0
0
0
0
0
0
0
0
1 su 115 345 248
0
0
0
0
0
0
0
1 kd 27 345 248
