1292735785 seed, 30 fps, 640x480 fullScreen=0
2 mm 277 77 mm 320 240
0
0
0
0
0
1 mm 319 240
3 mm 318 239 mm 317 239 mm 316 239
0
0
0
0
0
0
0
0
0
0
0
1 kd 115 316 239
0
0
0
0
0
1 mm 316 240
3 mm 317 242 mm 318 245 mm 320 248
4 mm 322 251 mm 324 254 mm 326 257 mm 328 260
3 mm 330 263 mm 333 266 mm 334 268
4 mm 336 270 mm 337 271 mm 338 272 mm 339 273
3 mm 340 274 mm 340 275 mm 341 275
3 mm 341 276 mm 342 276 mm 342 277
4 ku 115 345 278 mm 343 277 mm 344 277 mm 345 278
4 mm 346 278 mm 347 279 mm 349 279 mm 350 279
2 mm 351 280 mm 353 280
2 mm 354 280 mm 355 280
1 mm 356 280
1 mm 357 280
0
0
1 mm 357 279
0
1 mm 357 278
0
1 mm 357 277
0
1 mm 357 276
0
1 kd 119 357 276
0
0
0
1 ku 119 357 276
0
0
0
0
0
0
0
0
1 kd 100 357 276
0
1 mm 358 276
2 ku 100 358 277 mm 358 277
1 mm 358 278
2 mm 358 279 mm 358 280
1 mm 358 281
1 mm 358 282
0
1 mm 358 283
0
0
0
0
0
0
0
0
0
0
1 mm 359 283
1 mm 361 283
1 mm 362 283
1 mm 363 283
0
0
0
0
0
0
0
0
0
1 kd 115 363 283
0
0
1 ku 115 363 283
0
0
0
0
0
0
2 mm 364 283 mm 365 283
0
1 mm 366 282
1 mm 367 282
1 kd 32 367 282
3 mm 368 282 mm 368 281 ku 32 368 281
0
0
0
0
0
0
0
0
0
0
0
0
0
0
0
0
0
0
0
0
0
0
0
0
0
0
0
0
0
0
0
0
0
0
0
0
0
0
0
0
0
0
0
0
0
0
0
0
0
0
0
0
0
0
0
0
0
0
0
0
0
0
0
0
0
0
0
0
0
0
0
0
0
0
0
0
0
0
1 kd 119 368 281
0
0
0
0
0
0
0
2 mm 368 278 mm 368 273
3 mm 367 269 mm 365 264 mm 364 260
3 mm 363 256 mm 362 253 mm 360 250
4 mm 358 245 mm 357 240 mm 356 236 mm 355 232
2 mm 354 228 mm 354 223
3 mm 352 217 mm 351 215 mm 351 213
5 mm 350 209 mm 350 208 mm 350 207 mm 349 206 mm 349 205
2 mm 349 204 mm 348 203
1 mm 348 202
0
0
0
0
0
0
0
0
0
1 kd 97 348 202
0
0
0
0
1 ku 119 348 202
0
0
0
0
0
0
0
0
1 kd 119 348 202
0
0
0
0
0
0
1 ku 119 348 202
0
0
0
0
0
1 kd 119 348 202
0
0
0
0
0
0
0
1 ku 97 348 202
1 ku 119 348 202
0
0
0
0
0
0
0
0
0
0
0
0
0
2 kd 97 348 202 kd 119 348 202
0
0
0
0
0
0
0
0
0
0
0
0
0
0
0
0
0
0
1 ku 119 348 202
0
0
0
0
0
0
1 ku 97 348 202
0
0
0
0
0
0
0
0
0
0
0
0
0
0
0
0
0
0
0
0
0
0
0
0
0
0
0
0
0
0
0
0
0
0
0
0
0
0
0
0
0
0
0
0
0
0
0
0
0
0
0
0
0
0
0
0
0
0
0
0
0
0
0
0
0
0
0
0
0
0
0
0
0
0
0
0
0
0
0
0
0
0
0
0
0
0
0
0
0
0
0
0
0
0
0
0
0
0
0
0
0
0
0
0
0
0
0
0
0
0
0
0
0
0
0
0
0
0
0
0
0
0
0
0
0
0
0
0
0
0
0
0
0
0
0
0
0
0
0
0
0
0
0
0
0
0
0
0
0
0
0
0
0
0
0
0
0
0
0
0
0
0
0
0
0
0
0
0
0
0
0
0
0
1 kd 100 348 202
0
0
0
0
0
0
0
0
0
0
0
0
0
0
0
1 ku 100 348 202
0
0
0
0
0
0
0
1 kd 115 348 202
0
0
0
0
0
0
0
0
0
0
0
1 kd 100 348 202
0
1 ku 115 348 202
0
0
0
0
0
0
0
0
0
0
0
0
0
0
0
1 kd 115 348 202
0
1 ku 100 348 202
0
0
0
0
0
0
1 ku 115 348 202
0
0
0
0
0
0
0
0
0
1 kd 100 348 202
0
0
0
0
0
0
0
0
0
0
0
0
0
0
0
0
0
0
0
0
0
0
0
0
0
0
0
0
0
0
0
0
0
1 ku 100 348 202
0
0
0
0
0
0
0
0
0
0
0
0
1 kd 115 348 202
0
0
0
0
0
0
0
0
0
1 ku 115 348 202
0
0
0
0
0
0
0
0
0
0
0
0
0
0
0
1 kd 115 348 202
0
1 kd 97 348 202
0
0
0
0
0
1 ku 115 348 202
0
0
0
0
0
0
0
0
0
0
0
0
0
0
0
0
0
0
0
0
0
1 kd 119 348 202
0
0
0
0
0
0
0
0
0
0
0
0
0
0
0
0
0
0
0
0
0
0
0
0
0
0
0
0
0
0
0
0
0
0
0
1 ku 119 348 202
0
0
0
0
0
0
0
0
0
0
0
1 ku 97 348 202
0
0
0
0
0
1 kd 115 348 202
0
0
0
0
0
1 ku 115 348 202
0
0
0
0
0
0
0
0
0
0
0
0
0
0
0
0
0
0
0
0
0
0
0
0
0
1 kd 115 348 202
1 kd 97 348 202
0
0
0
0
0
0
0
0
1 ku 115 348 202
0
1 ku 97 348 202
0
0
0
0
0
0
0
0
0
0
0
0
0
0
0
0
0
0
0
0
0
0
0
0
0
0
0
0
0
0
0
2 kd 115 348 202 kd 97 348 202
0
0
0
0
0
0
0
0
1 ku 115 348 202
0
0
0
0
0
0
0
0
0
0
0
0
0
0
0
0
0
0
0
0
2 ku 97 348 202 kd 115 348 202
0
0
0
0
0
0
0
1 ku 115 348 202
0
0
0
0
0
0
0
0
0
0
1 kd 97 348 202
0
0
0
0
1 kd 119 348 202
0
0
0
0
0
0
1 ku 119 348 202
0
0
0
0
0
0
0
0
0
0
0
0
0
0
1 ku 97 348 202
0
0
0
0
0
0
0
0
0
1 mm 347 202
3 mm 344 204 mm 341 206 mm 339 208
3 mm 337 211 mm 335 216 mm 335 221
4 mm 335 228 mm 336 236 mm 339 243 mm 343 253
3 mm 348 261 mm 354 271 mm 358 281
3 mm 363 291 mm 367 299 mm 372 307
3 mm 379 314 mm 384 321 mm 387 326
4 mm 389 330 mm 390 332 mm 391 334 mm 392 334
0
1 mm 392 335
3 mm 392 336 mm 392 337 mm 393 339
3 mm 393 341 mm 393 343 mm 393 345
4 mm 393 347 mm 393 350 mm 394 351 mm 394 353
3 mm 394 354 mm 395 355 mm 396 357
3 mm 396 358 mm 397 360 mm 398 361
3 mm 399 362 mm 400 363 mm 401 364
3 mm 402 365 mm 403 365 mb 1 1 403 365
1 md 404 366
0
2 md 405 366 md 405 367
2 md 405 368 md 405 369
1 md 405 370
2 md 405 371 md 405 372
4 md 405 373 md 405 374 md 405 375 md 405 376
2 md 405 377 md 405 378
3 md 405 379 md 405 380 md 405 381
2 md 405 384 md 404 386
4 md 404 389 md 404 391 md 404 394 md 404 396
2 md 403 398 md 403 399
1 md 403 400
0
0
0
0
1 kd 97 403 400
1 md 402 400
0
0
0
0
4 md 401 400 ku 97 401 401 mb 1 0 401 400 mm 401 401
0
0
0
0
0
0
1 kd 97 401 401
0
0
0
0
0
0
0
0
0
0
1 ku 97 401 401
0
0
0
0
0
0
0
1 kd 100 401 401
0
0
0
0
0
0
0
0
0
2 mm 402 401 mm 404 401
3 mm 407 401 mm 410 401 mm 413 401
3 mm 418 401 mm 423 401 mm 428 401
4 mm 434 401 mm 441 401 mm 448 402 mm 455 403
3 mm 462 405 mm 470 406 mm 477 407
4 mm 484 409 mm 489 410 mm 495 411 mm 499 413
2 mm 501 414 mm 503 414
3 mm 507 415 mm 508 415 mm 509 415
3 mm 510 415 mm 510 416 mm 511 416
0
0
0
0
0
0
1 mm 510 416
3 mm 508 416 mm 507 416 mm 505 416
3 mm 502 416 mm 501 416 mm 498 415
5 mm 496 415 kd 115 490 415 mm 494 415 mm 492 415 mm 490 415
2 mm 489 415 mm 487 415
4 mm 485 415 mm 484 415 mm 482 415 mm 481 415
3 mm 479 414 mm 477 414 mm 475 414
3 mm 473 414 mm 471 414 mm 470 414
4 mm 468 414 mm 467 414 mm 466 414 mm 464 414
3 mm 463 414 mm 462 414 mm 460 414
4 mm 459 414 mm 458 414 mm 457 414 mm 456 414
3 mm 455 414 mm 454 414 mm 453 414
4 mm 452 414 ku 100 450 414 mm 451 414 mm 450 414
3 mm 449 414 mm 448 414 mm 447 414
1 mm 446 414
0
1 mm 445 414
0
0
0
0
0
0
0
1 ku 115 445 414
0
0
0
0
1 mm 444 414
1 mm 443 414
2 mm 442 414 mm 442 415
2 kd 115 441 415 mm 441 415
1 mm 441 416
0
0
1 kd 100 441 416
0
0
0
0
0
0
0
1 ku 100 441 416
0
0
0
0
0
1 ku 115 441 416
0
0
0
0
0
0
0
0
1 kd 119 441 416
0
0
0
0
0
1 mm 441 415
2 mm 441 414 mm 441 413
1 mm 441 412
0
0
0
0
0
0
0
0
0
0
0
0
0
0
0
0
0
0
1 kd 97 441 412
0
0
0
2 mm 441 411 mm 441 410
3 mm 442 409 mm 442 408 mm 444 407
4 mm 445 405 mm 447 403 mm 449 401 mm 452 399
3 mm 455 396 mm 458 394 mm 462 391
3 mm 466 387 mm 470 383 mm 474 380
4 mm 478 377 mm 482 374 mm 485 370 mm 489 365
2 mm 493 362 mm 496 360
5 mm 499 357 mm 501 356 ku 97 504 353 mm 502 354 mm 504 353
3 mm 505 352 mm 506 352 mm 507 351
3 mm 514 351 mm 518 351 mm 524 351
3 mm 528 351 mm 531 352 mm 534 353
4 mm 538 354 mm 542 355 mm 547 356 mm 552 358
2 mm 557 360 mm 561 361
5 mm 565 362 mm 567 363 mm 570 364 kd 100 571 365 mm 571 365
1 mm 572 365
1 mm 572 366
3 mm 572 367 mm 572 368 mm 572 369
2 mm 572 370 mm 572 371
3 mm 572 372 mm 572 373 mm 572 374
3 mm 572 375 mm 572 376 mm 572 377
2 mm 572 378 mm 572 379
1 mm 572 380
2 mm 572 381 mm 572 382
2 mm 572 383 mm 571 384
2 mm 571 385 mm 571 386
1 mm 571 387
2 mm 571 388 mm 571 389
1 mm 571 390
2 ku 119 571 391 mm 571 391
1 mm 571 392
1 mm 571 393
1 mm 570 394
1 mm 570 395
1 kd 115 570 395
1 mm 570 396
1 mm 569 396
1 mm 569 397
1 mm 569 398
1 mm 568 398
1 mm 568 399
1 mm 567 399
2 mm 567 400 mm 566 400
2 ku 100 565 401 mm 565 401
1 mm 564 401
1 mm 563 402
1 mm 562 403
0
0
1 mm 561 403
1 mm 561 404
1 mm 560 404
1 mm 559 404
0
2 mm 559 405 ku 115 559 405
1 mm 558 405
0
0
1 mm 557 405
0
0
2 mm 556 406 kd 119 556 406
0
0
0
1 kd 100 556 406
0
0
0
0
0
0
0
0
2 mm 555 407 mm 555 409
3 mm 555 410 mm 555 413 mm 555 416
3 mm 555 419 mm 555 422 mm 555 425
4 mm 555 428 mm 555 432 mm 555 435 mm 555 439
4 mm 555 442 mm 555 444 ku 119 555 447 mm 555 447
3 mm 555 450 mm 555 452 mm 555 454
3 mm 555 456 mm 555 458 mm 555 460
3 mm 555 462 mm 555 463 mm 555 465
4 mm 555 466 mm 555 468 mm 555 469 mm 555 470
0
0
0
0
1 kd 115 555 470
0
0
0
0
0
0
0
0
0
0
0
0
0
0
0
0
0
0
0
0
0
1 mm 554 470
0
1 mm 553 470
0
0
3 ku 100 553 468 mm 553 469 mm 553 468
1 mm 553 467
3 mm 553 466 mm 553 465 mm 553 464
2 mm 553 463 mm 553 462
3 mm 553 461 mm 553 460 mm 553 459
2 mm 553 458 mm 553 457
2 mm 553 456 mm 553 455
3 mm 553 454 mm 553 453 mm 553 452
3 mm 553 451 mm 553 450 mm 553 449
3 mm 553 448 mm 553 447 mm 553 446
3 mm 553 444 mm 552 443 mm 552 441
4 mm 552 440 mm 552 438 mm 552 436 mm 552 434
3 mm 552 432 mm 552 430 mm 552 427
4 mm 552 425 mm 552 423 kd 100 552 421 mm 552 421
4 mm 551 419 mm 551 417 mm 551 415 mm 551 413
3 mm 551 412 mm 551 410 mm 551 409
2 mm 551 408 mm 551 407
2 mm 551 406 ku 115 551 406
1 mm 551 405
1 mm 551 404
2 mm 551 403 mm 551 402
0
2 mm 552 402 mm 552 401
0
1 mm 553 401
1 mm 553 400
1 mm 554 400
0
3 mm 555 399 mm 556 399 mm 557 399
3 mm 557 398 mm 558 398 mm 559 398
3 mm 561 397 mm 562 397 mm 563 397
4 mm 565 396 mm 566 395 mm 568 394 mm 570 393
4 mm 571 393 mm 572 392 mm 573 391 mm 574 391
1 mm 574 390
0
0
0
0
3 ku 100 571 391 mm 573 390 mm 571 391
3 mm 570 392 mm 568 393 mm 566 395
4 mm 563 396 mm 561 398 mm 559 399 mm 556 400
3 mm 553 401 mm 551 402 mm 549 403
3 mm 547 404 mm 545 404 mm 543 405
4 mm 542 405 mm 541 405 mm 540 405 mm 539 405
2 mm 538 405 mm 537 405
2 mm 536 405 mm 535 405
5 mm 535 404 mm 534 404 mm 533 403 mm 532 403 kd 32 532 403
0
4 mm 529 401 mm 529 400 mm 529 399 mm 529 398
0
0
0
0
1 ku 32 529 398
0
0
0
0
0
0
0
0
0
0
0
0
0
0
0
0
0
0
0
0
0
0
0
0
0
0
0
0
0
0
0
0
0
0
0
0
0
0
0
0
0
0
0
0
0
0
0
0
0
0
0
0
0
0
0
0
0
0
0
0
0
0
0
0
0
0
0
0
0
0
0
0
0
0
0
0
0
0
0
0
0
0
0
0
1 kd 115 529 398
0
0
0
0
0
0
1 ku 115 529 398
0
0
1 kd 97 529 398
0
0
0
0
0
0
0
0
0
0
0
0
0
1 mm 529 397
1 mm 528 397
1 mm 527 396
0
0
1 kd 119 527 396
0
0
0
0
0
0
0
1 ku 119 527 396
0
0
0
0
1 ku 97 527 396
0
0
0
0
0
0
0
0
0
0
0
0
0
0
0
0
0
0
0
0
0
0
0
0
0
0
0
0
0
0
0
0
0
0
2 kd 97 527 396 kd 115 527 396
0
0
0
0
1 ku 97 527 396
1 ku 115 527 396
0
0
0
0
0
0
0
0
0
0
0
0
1 kd 97 527 396
0
1 kd 115 527 396
0
0
1 ku 97 527 396
1 ku 115 527 396
0
0
0
0
0
0
0
0
0
0
0
1 kd 115 527 396
0
0
0
0
0
0
0
0
1 ku 115 527 396
0
0
0
0
2 kd 97 527 396 kd 115 527 396
0
0
0
0
0
0
0
0
1 mm 526 396
4 mm 525 396 mm 524 396 mm 523 396 mm 520 396
3 mm 516 396 mm 511 396 mm 507 396
5 mm 504 396 mm 502 395 mm 501 395 ku 97 500 395 mm 500 395
1 mm 499 395
0
0
0
0
0
0
0
0
0
0
0
0
1 kd 97 499 395
0
0
0
0
0
0
0
0
0
0
0
0
1 ku 97 499 395
0
0
1 kd 100 499 395
0
0
0
0
0
0
1 ku 100 499 395
0
0
0
0
0
0
1 kd 97 499 395
0
0
1 ku 115 499 395
0
0
1 ku 97 499 395
0
0
0
4 mm 498 395 mm 497 395 mm 494 395 mm 492 394
4 mm 489 394 mm 486 394 mm 483 394 mm 480 393
2 mm 477 393 mm 474 393
4 mm 471 393 mm 467 393 mm 463 394 mm 459 394
3 mm 455 396 mm 452 397 mm 449 398
3 mm 446 400 mm 444 402 mm 441 405
4 mm 438 407 mm 436 410 mm 434 413 mm 431 415
3 mm 428 418 mm 426 421 mm 423 423
3 mm 421 426 mm 418 429 mm 416 431
4 mm 413 434 mm 411 437 mm 409 439 mm 407 442
3 mm 405 444 mm 402 447 mm 400 449
3 mm 397 451 mm 395 453 mm 393 454
3 mm 392 455 mm 390 456 mm 390 457
1 mm 389 457
0
0
0
0
0
0
0
0
0
0
1 mm 389 459
2 mm 389 460 mm 389 461
2 mm 389 462 mm 390 462
2 mm 390 463 mm 391 463
1 mm 391 464
0
1 mm 392 464
0
0
0
0
0
0
0
0
0
0
0
0
0
0
0
0
0
0
0
0
0
0
0
0
0
0
0
0
0
0
0
0
0
0
0
3 mm 393 464 mm 395 464 mm 398 464
3 mm 403 464 mm 408 464 mm 413 465
3 mm 417 465 mm 421 465 mm 425 465
3 mm 427 465 mm 428 465 mm 429 465
0
0
0
0
0
0
4 mm 430 465 mm 431 465 mm 433 466 mm 436 467
4 mm 438 468 mm 441 469 mm 444 469 kd 32 444 469
2 mm 446 470 mm 447 470
0
0
1 ku 32 447 470
0
0
0
0
0
0
0
0
0
0
0
0
0
0
0
0
0
0
0
0
0
0
0
0
0
0
0
0
0
0
0
0
0
0
0
0
0
0
0
0
0
0
0
0
0
0
0
0
0
0
0
0
0
0
0
0
0
0
0
0
0
0
0
0
0
0
0
0
0
3 mm 446 470 mm 444 469 mm 443 468
3 mm 441 466 mm 441 463 mm 442 459
1 mm 442 456
0
0
0
0
0
0
0
0
0
1 mm 441 456
1 mm 440 457
3 mm 439 457 mm 437 459 mm 436 460
2 mm 434 462 mm 432 464
1 mm 433 464
2 mm 435 464 mm 436 464
3 mm 437 464 mm 438 464 mm 440 464
4 mm 441 464 mm 443 464 mm 444 464 mm 446 464
3 mm 447 464 mm 448 464 mm 450 464
3 mm 451 464 mm 452 464 mm 454 464
4 mm 456 464 mm 459 464 mm 462 464 mm 464 465
3 mm 467 465 mm 470 465 mm 473 465
4 mm 477 465 mm 480 465 mm 483 465 mm 486 466
3 mm 488 466 mm 490 466 mm 491 466
2 mm 493 466 mm 494 467
3 mm 495 467 mm 496 467 mm 497 467
2 mm 497 468 mm 498 468
1 kd 115 498 468
0
0
0
0
0
0
0
0
0
0
0
0
0
0
0
0
0
0
0
0
0
0
0
0
0
0
0
0
3 mm 498 469 mm 496 472 mm 494 476
2 mm 492 479 mm 320 240
3 mm 318 244 mm 317 247 mm 316 251
4 mm 315 255 mm 315 258 mm 315 260 mm 315 263
3 mm 315 265 mm 315 266 mm 315 267
3 mm 315 269 mm 316 270 mm 316 272
4 mm 316 274 mm 316 276 mm 316 278 mm 316 280
2 mm 317 282 mm 317 283
3 mm 317 287 mm 317 289 mm 317 291
4 mm 317 293 mm 317 296 mm 317 298 mm 317 301
3 mm 318 303 mm 318 305 mm 318 308
3 mm 319 312 mm 320 313 mm 320 315
2 mm 321 316 mm 321 317
1 ku 115 321 317
0
0
0
3 mm 322 317 mm 323 318 mm 324 318
2 mm 326 319 mm 328 320
5 mm 330 321 kd 100 335 324 mm 332 322 mm 333 323 mm 335 324
1 mm 336 325
2 mm 337 325 mm 338 325
3 mm 339 325 mm 340 325 mm 341 325
3 mm 343 325 mm 344 325 mm 345 325
3 mm 346 325 mm 347 325 mm 348 325
2 mm 349 325 mm 351 325
2 mm 353 325 mm 355 324
3 mm 356 324 kd 119 357 324 mm 357 324
1 mm 358 324
0
2 mm 359 324 mm 359 323
0
0
1 mm 360 323
0
1 mm 361 323
2 mm 361 322 mm 362 322
1 mm 363 321
1 mm 364 320
1 mm 365 319
2 mm 365 318 mm 366 318
2 mm 366 317 mm 367 317
0
0
0
0
0
0
0
0
0
0
0
0
1 mm 367 316
3 mm 367 315 mm 368 314 mm 368 313
1 mm 368 312
1 mm 369 311
1 mm 369 310
2 mm 369 309 mm 370 309
2 mm 370 308 mm 371 308
4 mm 372 307 mm 373 306 mm 373 305 mm 374 305
3 mm 375 304 mm 376 304 mm 377 303
3 mm 377 302 mm 378 302 mm 379 301
3 mm 380 301 mm 381 301 mm 381 300
5 mm 382 300 mm 383 300 ku 100 384 299 mm 384 300 mm 384 299
1 mm 385 299
0
0
0
0
0
0
0
0
0
1 mm 384 299
0
0
0
1 mm 383 299
3 mm 381 299 mm 380 299 mm 378 299
2 mm 375 302 mm 374 304
3 mm 372 306 mm 371 308 mm 370 309
4 mm 370 311 mm 370 312 mm 370 313 mm 370 314
3 mm 370 315 kd 100 370 316 mm 370 316
1 mm 370 317
1 mm 370 318
1 mm 371 318
0
1 mm 372 318
2 ku 119 373 318 mm 373 318
3 mm 373 319 mm 373 320 mm 374 320
3 mm 375 321 mm 375 322 mm 376 323
3 mm 376 324 mm 377 325 mm 377 326
2 mm 377 328 mm 377 329
2 mm 377 330 mm 377 331
2 mm 377 332 mm 377 333
3 mm 377 334 ku 100 377 335 mm 377 335
0
0
1 kd 115 377 335
0
1 kd 100 377 335
0
0
0
0
0
0
0
0
0
0
0
0
0
0
0
0
0
1 mm 377 334
4 mm 377 333 mm 376 332 mm 374 331 mm 373 329
3 mm 370 327 mm 368 326 mm 364 324
4 mm 361 322 mm 358 319 mm 354 318 mm 350 316
3 mm 346 315 mm 343 314 mm 340 313
3 mm 338 313 mm 336 313 mm 335 313
2 mm 333 313 mm 332 313
1 mm 331 313
0
0
0
0
0
0
0
0
0
0
0
1 ku 115 331 313
1 ku 100 331 313
0
0
0
0
0
0
0
0
2 kd 97 329 314 mm 329 314
3 mm 327 314 mm 324 315 mm 321 316
4 mm 318 318 mm 314 320 mm 309 322 mm 305 324
3 mm 300 327 mm 296 330 mm 292 332
4 mm 288 335 mm 285 337 mm 282 339 mm 279 341
2 mm 276 343 mm 274 344
3 mm 273 345 mm 272 346 mm 271 346
0
1 ku 97 271 346
0
0
0
0
0
0
0
1 mm 270 346
1 kd 97 270 346
0
0
1 kd 115 270 346
0
0
0
0
1 ku 115 270 346
0
1 ku 97 270 346
0
0
0
0
0
0
0
0
0
0
0
1 mm 270 345
1 mm 270 344
1 mm 270 343
0
1 mm 270 342
0
1 mm 270 341
0
0
1 mm 270 340
1 mm 271 340
0
0
0
0
0
0
0
0
0
0
0
0
0
0
0
0
0
0
0
0
0
0
0
0
0
0
0
0
0
0
1 kd 119 271 340
0
0
0
0
0
0
0
0
0
0
0
1 ku 119 271 340
0
0
0
0
0
0
0
0
0
0
0
0
0
0
0
0
0
0
0
0
0
0
0
0
0
0
0
0
0
0
0
0
0
0
0
0
0
0
0
0
0
1 kd 100 271 340
0
0
0
0
0
0
0
1 ku 100 271 340
0
0
0
0
0
0
0
0
0
0
0
0
0
0
0
0
0
0
0
0
0
0
0
0
0
1 kd 119 271 340
0
0
0
0
0
0
0
0
0
0
0
0
0
0
0
1 ku 119 271 340
0
0
0
0
0
0
0
0
0
0
0
0
0
0
0
0
0
0
0
0
0
0
0
0
0
0
0
0
0
0
0
0
0
0
0
0
1 mm 271 339
0
0
0
0
0
0
0
0
0
0
0
0
0
0
0
0
0
0
0
0
0
0
0
1 kd 115 271 339
0
0
0
0
0
0
0
0
0
0
0
0
0
0
0
0
0
1 ku 115 271 339
0
0
0
0
0
0
0
0
0
0
0
0
0
0
0
0
0
0
0
0
0
0
0
0
0
0
0
0
0
0
0
0
0
0
0
0
0
0
0
0
0
0
0
0
0
0
0
0
0
0
0
0
0
0
0
0
0
0
0
0
0
0
0
0
0
0
0
1 kd 97 271 339
0
0
0
0
0
3 mm 269 338 mm 267 337 mm 265 337
3 mm 262 336 mm 259 336 mm 255 335
3 mm 251 335 mm 248 334 mm 246 334
4 mm 243 334 mm 240 333 mm 236 333 mm 232 333
3 mm 228 333 mm 225 332 mm 222 332
3 mm 219 332 mm 216 332 mm 211 332
4 mm 207 332 mm 203 332 mm 199 332 mm 195 332
4 mm 191 332 mm 187 332 mm 183 332 mm 180 333
3 mm 177 333 mm 174 334 kd 119 174 334
4 mm 171 335 mm 169 336 mm 167 338 mm 165 339
3 mm 163 341 mm 161 343 mm 159 345
4 mm 157 347 mm 155 349 mm 153 351 mm 151 353
3 mm 149 355 mm 147 357 mm 145 358
4 mm 144 360 mm 143 361 ku 119 142 362 mm 142 362
3 mm 142 363 mm 141 364 mm 141 365
4 mm 141 366 mm 140 367 mm 140 368 mm 139 369
1 mm 139 370
1 mm 139 371
2 mm 139 372 mm 139 373
0
0
0
0
0
1 kd 115 139 373
0
1 ku 115 139 373
0
0
0
0
0
1 kd 119 139 373
0
0
0
0
0
1 ku 119 139 373
0
0
0
0
0
0
0
1 ku 97 139 373
0
0
0
0
0
1 kd 100 139 373
0
0
0
0
0
0
0
1 ku 100 139 373
0
0
0
3 mm 138 373 mm 137 373 mm 135 372
3 mm 133 371 mm 130 369 mm 127 367
3 mm 124 365 mm 121 363 mm 118 362
4 mm 115 360 mm 112 359 mm 110 357 mm 108 356
3 mm 107 355 mm 106 354 mm 105 353
2 mm 104 352 mm 103 351
1 mm 103 350
4 mm 102 349 mm 101 348 mm 101 347 mm 99 345
3 mm 99 344 mm 97 343 mm 96 341
4 mm 95 340 mm 94 338 mm 93 337 mm 93 336
2 mm 92 335 mm 91 334
4 mm 91 332 mm 90 331 mm 90 329 mm 90 328
4 mm 90 327 mm 90 326 mm 90 325 mm 90 324
2 mm 90 323 mm 90 321
4 mm 90 320 mm 90 319 mm 91 318 mm 92 317
3 mm 93 316 mm 94 315 mm 96 314
4 mm 97 313 mm 98 312 mm 100 311 mm 101 310
3 mm 102 310 mm 103 310 mm 103 309
2 mm 104 309 mm 105 309
2 mm 106 309 mm 107 309
3 mm 108 308 mm 109 308 mm 110 308
2 mm 111 308 mm 112 308
3 mm 113 308 mm 114 308 mm 115 308
3 mm 116 308 kd 32 117 308 mm 117 308
0
0
0
1 ku 32 117 308
0
0
0
0
0
0
0
0
0
0
0
0
0
0
0
0
0
0
0
0
0
0
0
0
0
0
0
0
0
0
0
0
0
0
0
0
0
0
0
0
0
0
0
0
0
0
0
0
0
0
0
0
0
0
0
0
0
0
0
0
0
0
0
0
0
0
0
0
0
0
0
0
0
0
0
0
0
0
0
0
0
0
0
0
0
0
0
0
0
1 kd 97 117 308
0
0
0
0
0
0
0
0
0
0
0
0
0
0
0
0
0
0
0
0
0
0
1 kd 115 117 308
0
0
0
0
0
0
0
0
0
1 ku 97 117 308
0
0
0
0
1 ku 115 117 308
0
0
0
0
1 kd 97 117 308
0
0
0
0
0
0
0
0
0
0
0
0
0
0
0
0
0
0
0
0
0
0
0
0
0
0
0
0
0
0
0
0
0
0
0
0
0
0
0
0
0
0
0
1 kd 100 117 308
0
1 ku 97 117 308
0
0
0
0
0
0
0
0
0
0
0
0
0
0
0
1 kd 119 117 308
0
0
0
0
0
0
1 ku 119 117 308
0
0
0
0
0
0
0
0
0
0
0
1 kd 119 117 308
0
1 ku 100 117 308
0
0
0
0
0
0
0
0
0
0
0
0
0
0
1 kd 97 117 308
0
0
0
0
0
1 mm 117 307
3 mm 116 307 mm 115 307 mm 114 307
3 mm 112 307 mm 110 307 mm 108 307
2 mm 107 308 mm 106 309
2 mm 105 309 ku 119 105 309
1 mm 105 310
1 mm 104 311
0
0
0
0
0
0
0
0
0
0
0
0
0
0
0
1 ku 97 104 311
0
0
0
0
0
0
0
0
0
0
1 kd 119 104 311
0
0
1 kd 100 104 311
0
0
0
0
0
1 ku 119 104 311
0
1 ku 100 104 311
0
0
0
0
0
1 mm 103 311
4 mm 101 311 mm 98 311 mm 94 311 mm 90 310
2 mm 85 309 mm 80 308
5 mm 77 307 mm 72 305 kd 100 63 304 mm 68 305 mm 63 304
3 mm 59 303 mm 56 302 mm 53 302
4 mm 51 301 mm 48 301 mm 46 301 mm 43 301
3 mm 42 301 mm 40 301 mm 39 301
4 mm 38 301 mm 36 301 mm 35 301 mm 34 301
1 mm 33 301
3 mm 32 301 mm 31 301 mm 30 301
2 mm 28 301 mm 26 301
3 mm 25 301 mm 24 301 mm 22 301
5 mm 21 301 ku 100 18 301 mm 20 301 mm 19 301 mm 18 301
2 mm 17 301 mm 16 301
2 mm 15 301 mm 14 301
2 mm 13 301 mm 12 301
4 mm 10 301 mm 9 301 mm 7 300 mm 6 300
2 mm 5 300 mm 4 300
0
0
0
0
0
0
2 mm 4 301 mm 4 303
2 mm 4 304 mm 4 305
2 mm 5 305 mm 5 306
1 mm 6 306
3 mm 7 306 mm 8 306 mm 10 306
3 mm 11 306 kd 32 12 305 mm 12 305
2 mm 13 305 mm 13 304
0
0
1 ku 32 13 304
0
0
0
0
0
0
0
0
0
0
0
0
0
0
0
0
0
0
0
0
0
0
0
0
0
0
0
0
0
0
0
0
0
0
0
0
0
0
0
0
0
0
0
0
0
1 kd 115 13 304
0
0
0
0
0
1 ku 115 13 304
0
0
0
0
0
0
0
0
0
0
1 kd 115 13 304
0
0
0
0
0
1 kd 97 13 304
0
1 ku 115 13 304
0
0
0
0
0
0
0
0
0
0
0
0
0
0
0
0
0
0
0
0
0
0
0
0
0
0
0
0
0
0
0
0
0
1 ku 97 13 304
0
0
0
0
0
0
0
0
0
0
0
0
0
0
0
5 mm 12 303 mm 11 303 kd 97 8 303 mm 10 303 mm 8 303
3 mm 7 302 mm 6 302 mm 4 302
3 mm 4 301 mm 3 301 mm 2 301
1 mm 1 301
3 mm 0 301 mm 0 300 mm 320 240
1 mm 319 240
0
0
0
0
0
0
0
0
0
0
0
1 ku 97 319 240
0
0
0
0
0
0
0
0
0
0
0
0
0
0
0
0
1 kd 119 319 240
0
0
0
0
1 ku 119 319 240
0
0
0
0
0
1 kd 97 319 240
0
1 kd 119 319 240
0
1 ku 97 319 240
0
0
0
0
1 ku 119 319 240
0
0
0
0
0
1 kd 119 319 240
0
0
0
0
0
0
0
1 kd 97 319 240
0
0
0
0
0
0
0
0
0
0
1 ku 119 319 240
0
0
0
0
0
0
0
0
0
0
0
0
0
1 kd 119 319 240
0
0
0
0
0
0
1 ku 97 319 240
0
0
0
0
0
0
0
0
0
0
0
0
0
0
0
1 ku 119 319 240
0
0
0
0
0
0
0
2 kd 119 319 240 kd 100 319 240
0
0
0
0
0
0
1 ku 119 319 240
1 ku 100 319 240
0
0
0
0
0
0
0
0
0
0
0
0
0
1 kd 97 319 240
0
0
0
0
0
0
0
0
0
1 kd 115 319 240
1 ku 97 319 240
0
0
0
0
0
0
1 ku 115 319 240
0
0
0
0
0
0
0
1 kd 97 319 240
0
0
1 kd 115 319 240
0
0
0
0
0
1 ku 97 319 240
0
1 ku 115 319 240
0
0
0
0
0
0
0
1 kd 100 319 240
0
1 kd 119 319 240
0
0
0
0
0
0
0
0
0
0
0
0
0
0
0
0
0
0
0
0
0
0
0
1 ku 100 319 240
0
0
0
0
0
0
1 ku 119 319 240
0
0
0
0
0
0
0
0
0
0
0
0
1 kd 119 319 240
0
0
0
0
0
0
0
0
0
0
0
0
0
0
0
1 ku 119 319 240
0
0
0
0
0
1 kd 115 319 240
0
0
0
0
0
0
0
1 kd 97 319 240
0
0
0
0
0
1 ku 115 319 240
0
0
0
0
0
0
0
1 mm 320 238
3 mm 322 237 mm 323 236 mm 324 235
3 mm 325 233 mm 326 232 mm 327 231
5 mm 327 230 mm 328 229 mm 329 228 kd 119 330 227 mm 330 227
1 mm 331 226
1 mm 331 225
1 mm 332 225
5 mm 333 225 ku 97 336 226 mm 334 225 mm 335 225 mm 336 226
3 mm 337 227 mm 338 227 mm 339 228
3 mm 341 229 mm 342 230 mm 343 230
2 mm 345 232 mm 346 232
1 mm 347 233
0
0
0
0
0
0
0
0
0
0
0
0
0
0
0
0
0
1 ku 119 347 233
0
0
0
0
0
0
0
0
0
1 kd 119 347 233
0
0
0
1 kd 100 347 233
0
1 ku 119 347 233
0
0
0
0
0
0
0
0
0
0
0
0
0
0
0
0
0
0
0
0
0
1 ku 100 347 233
0
0
0
0
1 kd 115 347 233
0
0
0
0
0
0
0
0
0
0
1 kd 97 347 233
0
0
0
0
0
0
0
1 ku 115 347 233
0
0
0
0
0
0
0
0
0
0
0
0
0
0
0
0
0
0
0
0
0
0
0
0
0
0
0
0
0
0
0
0
0
0
0
1 ku 97 347 233
0
1 kd 100 347 233
0
0
0
0
1 mm 347 234
3 mm 347 236 mm 347 237 mm 347 239
4 mm 347 240 mm 347 241 mm 347 242 mm 348 243
2 mm 348 244 mm 349 245
3 mm 350 246 mm 350 247 mm 351 248
3 mm 351 249 mm 353 250 mm 353 252
4 mm 353 253 mm 354 254 mm 355 255 mm 355 256
4 mm 356 257 mm 356 258 mm 357 258 mm 357 259
0
2 mm 357 260 mm 358 261
1 mm 358 262
2 mm 358 263 mm 358 264
3 mm 358 266 mm 358 267 mm 358 268
3 mm 358 269 mm 358 271 mm 358 272
3 mm 358 274 mm 358 276 mm 358 277
4 mm 357 278 mm 357 279 mm 357 280 mm 356 280
2 mm 356 281 mm 355 281
3 mm 353 282 mm 352 282 mm 350 282
4 mm 348 282 mm 347 282 mm 345 282 mm 344 282
2 mm 343 282 mm 341 282
2 mm 340 282 mm 339 282
1 mm 338 282
0
1 ku 100 338 282
0
0
2 mm 338 283 mm 338 284
3 mm 338 285 mm 338 286 mm 338 287
3 mm 339 288 mm 339 290 mm 340 291
5 mm 341 292 kd 32 345 295 mm 342 292 mm 343 293 mm 345 295
11 mm 346 296 mm 348 297 mm 350 298 mm 353 299 mm 357 302 mm 358 303 mm 360 304 mm 361 306 mm 362 307 mm 363 308 mm 365 310
3 mm 366 311 mm 367 312 mm 368 313
4 mm 370 315 mm 370 316 mm 372 318 mm 373 319
2 ku 32 373 320 mm 373 320
0
0
0
0
0
0
0
0
0
0
0
0
0
0
0
0
0
0
0
0
0
0
1 mm 374 320
0
0
0
0
0
0
0
0
0
0
0
0
0
0
0
1 mm 375 320
1 mm 376 320
0
0
0
0
1 mm 377 320
0
0
0
0
0
0
0
0
0
0
0
0
0
0
0
0
2 mm 378 319 mm 378 318
0
0
0
0
0
0
0
0
0
0
0
0
0
0
0
0
0
0
0
0
0
0
0
0
0
0
0
0
0
0
0
0
1 mm 377 318
0
0
0
0
0
0
0
0
1 mm 376 318
0
0
0
0
0
0
0
0
0
0
0
0
0
1 mm 375 318
1 mm 374 318
0
0
0
0
1 mm 375 318
0
0
0
1 mm 376 318
3 mm 377 318 mm 378 317 mm 379 315
4 mm 380 312 mm 382 311 mm 383 309 mm 385 307
3 mm 387 305 mm 389 304 mm 392 302
3 mm 396 300 mm 400 299 mm 403 298
4 mm 405 296 mm 406 296 mm 408 294 mm 410 293
3 mm 412 291 mm 414 289 mm 417 288
3 mm 419 287 mm 421 285 mm 424 283
3 mm 425 282 mm 425 281 mm 426 281
0
0
1 kd 115 426 281
1 kd 100 426 281
0
0
0
1 ku 115 426 281
0
0
0
0
0
0
0
1 kd 119 426 281
0
0
0
0
1 ku 100 426 281
0
1 kd 100 426 281
0
0
1 ku 100 426 281
0
0
0
0
0
0
0
0
0
0
0
0
0
0
0
0
0
0
0
0
0
1 ku 119 426 281
0
0
0
0
0
5 mm 425 281 mm 423 283 kd 115 417 289 mm 421 286 mm 417 289
3 mm 413 293 mm 408 297 mm 404 301
3 mm 401 305 mm 399 310 mm 396 317
4 mm 392 325 mm 388 334 mm 385 342 mm 382 350
3 mm 380 357 mm 379 364 mm 378 369
3 mm 377 373 mm 376 377 mm 375 380
4 mm 375 383 mm 374 385 mm 374 386 mm 374 388
4 mm 374 389 mm 373 389 kd 97 373 390 mm 373 390
1 mm 372 390
1 mm 372 391
2 mm 371 391 mm 370 392
0
0
0
0
0
0
0
0
0
0
1 ku 97 370 392
0
0
0
0
0
0
0
0
0
0
0
0
0
0
0
0
0
0
0
0
0
0
0
0
0
0
0
0
0
0
0
0
0
0
0
0
0
0
0
0
0
0
0
0
0
0
0
0
0
0
0
0
0
0
0
0
0
0
0
0
0
0
0
0
0
0
1 kd 100 370 392
0
0
0
0
0
0
0
0
1 ku 100 370 392
0
0
0
0
0
0
0
0
1 kd 97 370 392
0
0
0
0
0
0
1 ku 97 370 392
0
0
0
0
0
0
0
0
0
0
0
0
0
0
0
0
0
0
1 ku 115 370 392
0
0
0
0
0
0
1 kd 115 370 392
0
0
0
0
0
0
0
0
0
0
0
0
0
0
0
0
0
0
0
0
0
0
0
0
0
0
0
0
0
0
0
0
0
0
0
0
0
0
0
0
0
0
0
0
0
0
0
0
0
0
0
0
0
0
0
0
0
0
1 kd 97 370 392
0
0
0
0
0
1 ku 97 370 392
0
0
0
1 kd 100 370 392
0
0
0
1 ku 115 370 392
0
0
0
0
0
0
0
0
0
0
0
0
0
0
0
0
0
0
0
2 kd 119 370 392 ku 100 370 392
0
0
1 ku 119 370 392
0
2 mm 371 392 mm 375 392
3 mm 378 391 mm 382 389 mm 385 388
4 mm 388 388 mm 391 387 mm 395 387 mm 399 386
2 mm 400 386 mm 401 386
3 mm 402 386 mm 403 386 mm 404 386
3 mm 405 388 mm 407 389 mm 408 391
2 mm 409 392 mm 411 393
1 mm 412 394
3 mm 413 394 mm 414 394 mm 415 394
3 mm 416 394 mm 417 394 mm 419 393
5 mm 420 391 mm 421 390 kd 32 422 387 mm 421 388 mm 422 387
3 mm 422 385 mm 422 384 mm 422 383
2 mm 422 382 mm 422 381
9 mm 421 380 mm 421 379 mm 419 378 mm 417 376 mm 415 375 mm 413 373 mm 410 371 mm 409 370 mm 408 369
1 mm 407 369
0
1 ku 32 407 369
1 mm 406 369
0
0
0
0
0
0
1 mm 405 369
0
0
0
0
0
0
0
0
0
1 mm 405 368
0
0
0
0
0
0
0
0
0
0
0
0
0
0
0
0
0
0
0
0
0
0
0
0
0
0
0
0
0
1 mm 404 368
0
0
0
1 mm 403 368
0
0
0
0
0
0
0
0
0
0
0
0
0
0
0
0
0
0
1 kd 97 403 368
0
0
1 mm 402 368
2 mm 401 368 mm 400 368
1 mm 399 368
2 mm 398 368 mm 397 368
2 mm 396 368 mm 394 368
4 mm 393 367 mm 390 367 mm 388 367 mm 385 367
3 mm 382 367 mm 380 367 mm 378 366
3 mm 376 365 mm 374 365 mm 373 364
4 mm 372 364 mm 371 364 mm 370 364 mm 369 364
3 mm 368 364 mm 367 364 mm 365 363
3 mm 364 363 mm 362 363 mm 360 363
4 mm 358 362 mm 357 362 mm 356 362 mm 354 362
3 mm 354 361 mm 353 361 mm 352 361
0
0
0
0
0
0
0
0
0
0
0
0
0
0
0
0
1 kd 119 352 361
0
0
0
0
0
1 ku 97 352 361
0
0
0
0
0
0
0
0
0
0
0
0
0
0
0
0
0
0
0
0
0
0
0
0
0
0
0
0
0
0
0
0
0
0
0
0
0
0
1 kd 97 352 361
0
0
0
0
0
1 ku 119 352 361
0
0
0
0
0
0
0
0
0
0
0
0
0
0
0
0
0
0
0
0
0
0
0
0
0
1 ku 97 352 361
0
1 kd 100 352 361
0
1 ku 100 352 361
0
0
0
0
0
0
0
0
1 kd 97 352 361
0
0
1 kd 119 352 361
0
0
0
0
0
0
0
0
0
0
0
0
1 ku 119 352 361
0
0
0
0
0
0
0
0
0
1 kd 119 352 361
0
0
0
0
1 ku 97 352 361
0
0
0
0
1 mm 352 360
3 mm 352 359 mm 353 358 mm 354 356
3 mm 355 355 mm 356 353 mm 357 351
3 mm 359 348 mm 361 346 mm 363 343
3 mm 365 340 mm 366 338 mm 368 336
4 mm 369 334 mm 370 333 mm 370 331 mm 370 329
3 mm 371 328 mm 372 327 mm 372 326
3 mm 373 325 mm 373 324 mm 374 323
3 mm 374 322 mm 374 321 mm 375 321
3 mm 375 320 mm 376 319 mm 376 317
3 mm 377 317 mm 377 316 mm 378 315
1 mm 378 314
1 mm 378 313
0
0
0
0
0
0
0
0
0
0
0
0
0
0
0
0
0
0
0
0
1 ku 119 378 313
0
0
0
0
0
0
0
0
0
0
0
0
0
0
0
0
0
0
0
1 kd 119 378 313
0
0
0
0
1 ku 119 378 313
0
0
0
0
0
0
0
0
0
0
0
0
0
0
0
0
0
0
0
0
0
0
0
0
0
0
0
0
0
0
0
0
0
0
0
0
0
0
0
0
0
0
0
0
0
0
0
0
0
0
0
0
0
0
0
0
0
0
0
1 kd 115 378 313
1 kd 97 378 313
1 ku 97 378 313
0
0
0
1 kd 100 378 313
0
1 ku 115 378 313
0
0
0
0
0
0
1 kd 119 378 313
0
0
0
0
0
0
0
1 ku 100 378 313
0
0
0
0
0
0
0
0
0
0
0
0
0
0
0
0
0
0
0
0
0
0
1 kd 100 378 313
0
0
0
0
1 ku 119 378 313
0
0
0
0
0
0
0
0
0
0
0
0
0
0
0
0
0
0
0
0
0
0
1 ku 100 378 313
0
0
0
0
0
0
0
0
0
0
0
1 kd 97 378 313
0
1 kd 119 378 313
0
0
0
1 ku 97 378 313
0
0
0
0
1 mm 377 313
0
0
0
0
0
0
0
0
0
0
0
0
0
0
0
1 kd 100 377 313
1 ku 119 377 313
0
0
0
0
1 kd 115 377 313
1 ku 100 377 313
0
0
0
0
0
0
0
0
0
1 ku 115 377 313
1 kd 97 377 313
0
0
0
0
1 ku 97 377 313
0
0
0
0
0
0
0
0
0
1 mm 376 313
1 mm 375 313
3 mm 374 313 mm 373 313 kd 97 373 313
0
1 kd 119 373 313
0
0
0
1 ku 97 373 313
0
0
0
1 mm 372 313
1 mm 371 313
0
1 ku 119 371 313
0
0
0
0
1 kd 119 371 313
0
0
3 mm 371 312 mm 371 310 mm 371 308
3 mm 371 306 mm 371 304 mm 371 301
4 mm 372 298 mm 372 295 mm 373 292 mm 374 289
3 mm 374 285 mm 375 281 mm 375 277
3 mm 377 273 mm 378 268 mm 379 262
3 mm 381 257 mm 382 252 mm 383 247
4 mm 384 243 mm 385 239 mm 387 234 mm 388 228
3 mm 390 222 mm 392 216 mm 393 210
3 mm 393 206 mm 394 202 mm 394 199
4 mm 394 195 mm 394 191 mm 393 187 mm 391 184
2 mm 388 180 mm 385 178
3 mm 379 173 mm 376 171 mm 374 169
3 mm 371 168 mm 368 167 mm 366 166
3 mm 365 166 mm 364 166 mm 363 166
3 mm 362 166 mm 360 166 mm 359 166
3 mm 357 166 mm 353 167 mm 349 169
4 mm 345 171 mm 341 174 mm 337 178 mm 334 181
14 mm 331 184 mm 328 188 mm 325 192 mm 323 195 mm 321 198 mm 320 202 mm 318 206 mm 317 210 mm 315 214 mm 314 218 mm 313 220 mm 312 223 mm 311 224 mm 310 226
4 mm 309 228 mm 308 229 mm 308 230 mm 306 231
3 mm 306 232 mm 304 233 mm 303 234
3 mm 302 235 mm 300 236 mm 299 236
3 mm 297 237 mm 296 237 mm 294 237
4 mm 292 238 mm 290 238 mm 289 239 mm 287 239
3 mm 285 239 mm 284 240 mm 282 240
2 mm 281 240 mm 280 240
3 mm 280 241 mm 279 241 mm 278 241
0
1 mm 277 241
0
1 ku 119 277 241
0
0
0
0
0
0
0
0
0
0
0
0
0
0
0
0
0
0
0
0
0
0
0
0
0
0
0
0
0
0
0
0
0
0
0
0
0
0
0
0
0
0
0
0
0
0
0
0
0
0
0
0
0
0
0
0
0
0
0
0
0
1 kd 115 277 241
0
0
0
0
0
0
0
0
0
0
0
0
0
0
0
0
0
0
0
0
0
0
0
0
0
0
0
0
0
0
0
0
0
0
0
0
0
0
0
0
0
0
0
0
0
0
0
0
1 ku 115 277 241
0
0
0
0
0
0
0
0
0
0
0
0
0
0
0
0
0
0
0
0
0
0
0
0
0
0
0
0
0
0
0
0
0
0
0
0
0
0
0
0
0
0
0
0
0
0
0
0
0
0
0
0
0
0
0
0
0
0
0
0
0
0
0
0
0
0
0
0
0
0
0
0
0
0
0
0
0
0
0
0
0
0
0
0
0
0
0
0
0
0
0
0
0
0
0
0
0
0
0
0
0
0
0
0
0
0
0
0
0
0
0
0
1 kd 115 277 241
0
0
0
0
0
0
0
0
1 kd 97 277 241
0
0
0
0
0
0
0
0
0
0
1 ku 97 277 241
1 ku 115 277 241
0
0
0
0
0
1 kd 100 277 241
0
0
0
0
0
0
0
0
0
0
0
0
0
0
1 kd 119 277 241
0
0
0
0
0
0
1 ku 100 277 241
0
0
0
0
0
0
0
0
0
0
0
0
0
0
0
0
0
0
0
0
1 kd 97 277 241
0
0
0
0
0
0
0
0
1 ku 97 277 241
0
0
0
0
0
0
0
0
0
0
0
1 kd 97 277 241
0
0
0
0
0
1 ku 97 277 241
0
0
0
0
0
0
0
0
0
0
0
0
0
0
0
0
0
0
0
0
0
0
0
0
0
0
0
0
0
0
0
0
0
0
0
0
0
0
0
0
0
0
0
0
1 ku 119 277 241
0
0
0
0
1 kd 115 277 241
0
0
0
0
0
0
0
0
0
0
0
0
0
0
0
0
0
0
0
0
0
0
0
0
0
0
0
0
0
0
0
0
0
0
0
0
0
0
0
0
0
0
0
0
0
0
0
1 kd 97 277 241
0
0
0
0
0
0
0
0
0
0
0
0
0
0
0
0
0
0
0
0
0
0
0
0
0
0
0
0
2 ku 97 277 241 ku 115 277 241
0
0
0
0
0
0
0
0
0
0
0
0
0
0
0
0
1 kd 100 277 241
0
0
0
0
0
0
0
0
0
0
0
0
0
0
0
0
0
0
0
1 kd 119 277 241
0
0
0
0
0
1 ku 119 277 241
0
0
0
0
0
0
0
0
0
0
0
0
0
0
0
0
0
0
0
0
0
0
0
0
0
0
0
0
0
1 kd 115 277 241
0
0
0
0
0
0
0
0
0
0
0
0
1 ku 115 277 241
0
0
0
0
0
0
0
0
0
0
0
0
0
0
0
0
0
0
0
0
0
0
0
0
0
0
0
0
0
0
0
0
2 ku 100 277 241 kd 115 277 241
0
0
0
0
0
0
0
0
0
0
0
0
1 ku 115 277 241
1 kd 100 277 241
0
0
0
0
0
0
0
0
1 kd 119 277 241
0
0
0
1 ku 100 277 241
0
0
0
0
0
0
0
1 kd 97 277 241
0
0
0
0
0
0
0
0
0
0
0
0
0
0
0
0
0
0
0
1 ku 97 277 241
0
0
0
0
0
0
0
0
0
0
0
0
0
0
0
0
0
0
0
0
1 ku 119 277 241
0
0
0
0
0
0
0
0
0
0
0
0
1 kd 115 277 241
0
0
0
0
0
0
0
0
0
0
0
0
0
0
0
0
0
0
0
0
0
0
0
0
0
0
0
0
0
0
0
0
0
0
0
0
0
0
1 ku 115 277 241
0
0
0
0
0
0
0
1 kd 115 277 241
1 mm 278 241
3 mm 281 241 mm 285 240 mm 291 235
4 mm 297 227 mm 304 218 ku 115 309 209 mm 309 209
3 mm 313 200 mm 317 192 mm 320 185
4 mm 321 178 mm 322 174 mm 323 171 mm 324 170
1 mm 324 169
0
2 kd 119 325 169 mm 325 169
0
2 mm 329 169 mm 332 169
4 mm 335 168 mm 340 167 mm 346 165 mm 353 164
3 mm 360 163 mm 366 162 mm 372 161
3 mm 376 160 mm 379 159 mm 381 158
4 mm 384 157 mm 386 156 mm 388 156 mm 390 156
3 mm 394 156 mm 398 156 mm 401 156
3 mm 404 156 mm 406 156 mm 408 156
3 mm 410 155 mm 412 155 mm 413 154
4 mm 414 153 mm 416 152 mm 417 150 mm 419 149
3 mm 420 148 mm 421 147 mm 422 145
3 mm 423 144 mm 424 142 mm 425 140
4 mm 426 139 mm 427 137 mm 428 136 mm 428 134
3 mm 430 133 mm 430 132 mm 430 131
2 mm 431 130 mm 431 129
1 mm 431 128
1 mm 431 127
2 mm 431 126 mm 431 125
3 mm 431 124 mm 431 123 mm 431 122
2 mm 431 121 mm 431 120
1 mm 431 119
1 mm 431 118
3 mm 431 117 mm 432 117 mm 432 116
1 mm 432 115
0
0
0
0
0
2 mm 433 115 mm 434 115
2 mm 435 115 mm 436 115
5 mm 437 115 mm 438 116 mm 438 117 ku 119 439 117 mm 439 117
2 mm 439 118 mm 440 119
4 mm 440 120 mm 440 121 mm 441 122 mm 441 123
1 mm 442 124
0
0
3 kd 32 442 126 mm 442 125 mm 442 126
2 mm 442 127 mm 442 128
3 mm 441 128 mm 441 129 mm 441 130
3 mm 440 131 mm 439 131 mm 438 131
1 mm 437 132
11 mm 436 132 mm 435 133 mm 435 134 mm 434 134 mm 432 136 mm 431 137 mm 430 138 mm 429 139 mm 429 140 ku 32 429 141 mm 429 141
1 mm 428 142
0
0
0
0
0
0
0
0
0
0
0
0
0
0
0
0
0
0
0
0
0
0
0
0
0
0
0
0
0
0
0
0
0
0
0
0
0
0
0
0
0
0
0
0
0
0
0
0
0
0
0
0
0
0
0
0
0
0
0
0
0
0
0
0
0
0
0
0
0
0
0
0
0
0
0
0
0
0
0
0
0
0
0
0
0
0
0
0
0
0
0
0
0
0
0
0
0
0
0
0
0
0
0
0
0
0
0
0
0
0
0
0
0
0
0
0
0
0
0
0
0
0
0
0
0
0
0
0
0
0
0
0
0
1 kd 97 428 142
0
0
0
0
0
0
0
0
0
0
0
0
0
0
0
0
0
0
0
0
0
0
1 ku 97 428 142
0
0
0
0
0
0
0
0
0
0
0
0
0
0
0
0
0
0
0
0
0
0
0
0
0
0
0
0
0
0
0
0
1 kd 115 428 142
0
0
0
0
0
0
0
0
0
0
0
0
0
0
0
0
0
0
0
0
0
0
0
0
0
0
0
0
1 ku 115 428 142
0
0
0
0
0
0
0
0
0
0
0
0
0
0
0
0
0
0
1 kd 97 428 142
1 mm 428 143
0
0
0
0
0
0
0
0
0
0
0
0
0
1 ku 97 428 143
0
0
0
0
0
0
0
0
0
1 kd 97 428 143
0
0
0
0
0
0
1 ku 97 428 143
0
0
0
0
0
0
0
0
0
0
1 kd 100 428 143
0
0
0
0
0
0
0
0
1 kd 119 428 143
0
0
0
0
0
0
0
0
1 ku 100 428 143
0
0
1 ku 119 428 143
0
0
0
1 kd 97 428 143
0
0
0
0
0
0
0
0
0
0
0
0
0
0
0
0
0
0
0
0
0
0
0
0
0
1 kd 115 428 143
0
0
0
0
0
0
1 ku 97 428 143
0
1 ku 115 428 143
0
0
0
0
0
1 mm 432 145
3 mm 436 147 mm 441 149 mm 445 150
3 mm 444 150 mm 442 151 mm 437 153
3 mm 431 156 mm 424 161 mm 416 167
3 mm 405 176 mm 395 184 mm 383 193
3 mm 372 201 mm 362 207 mm 352 213
4 mm 344 217 mm 336 221 mm 330 224 mm 326 226
3 mm 323 227 mm 322 227 mm 321 227
3 mm 320 227 mm 319 227 mm 318 227
2 mm 317 227 kd 32 317 227
0
2 mm 317 226 mm 316 226
1 mm 316 225
2 mm 316 224 mm 316 223
3 mm 316 221 mm 316 219 mm 317 217
9 mm 319 214 mm 321 212 mm 323 208 mm 331 199 mm 335 196 mm 339 193 mm 343 191 mm 346 190 mm 348 189
1 mm 349 188
0
0
0
1 ku 32 349 188
0
0
0
0
0
0
0
0
0
0
0
0
0
0
0
0
0
0
0
0
0
0
0
0
0
0
0
0
0
0
0
0
0
0
0
0
0
0
0
0
0
0
0
0
0
0
0
0
0
0
0
0
0
0
0
0
0
0
0
0
0
0
0
1 kd 97 349 188
0
0
0
0
0
1 ku 97 349 188
0
0
0
0
0
0
0
0
0
0
0
0
0
0
0
1 kd 100 349 188
0
0
0
0
0
0
0
0
0
0
0
0
0
0
0
1 ku 100 349 188
0
0
0
0
0
0
0
0
0
0
0
0
0
0
0
0
0
0
1 kd 119 349 188
0
0
0
0
0
0
0
0
0
0
0
0
1 ku 119 349 188
0
0
0
0
0
0
0
0
0
1 kd 119 349 188
0
0
0
0
0
0
0
0
1 kd 100 349 188
0
0
0
0
0
0
0
0
0
0
0
0
0
0
0
0
0
0
0
0
0
0
0
1 ku 119 349 188
0
0
0
0
0
0
0
0
0
0
0
1 kd 119 349 188
0
0
0
0
0
0
0
0
0
0
1 ku 100 349 188
0
0
0
0
0
0
0
0
0
0
0
0
0
0
0
0
0
0
0
0
0
0
0
0
0
1 ku 119 349 188
0
0
0
0
0
1 kd 97 349 188
0
0
0
0
0
0
0
0
0
0
0
0
0
0
1 kd 115 349 188
0
0
0
0
1 ku 97 349 188
0
0
0
0
0
1 kd 100 349 188
0
0
0
0
0
0
0
0
0
0
1 ku 100 349 188
0
0
0
0
0
0
0
1 ku 115 349 188
0
0
0
0
1 kd 100 349 188
0
1 kd 119 349 188
0
0
1 ku 100 349 188
0
0
0
0
0
0
0
0
0
0
0
1 ku 119 349 188
0
0
0
0
0
0
0
0
0
0
0
0
0
0
1 kd 119 349 188
0
0
0
0
0
3 mm 350 189 mm 351 189 mm 351 190
4 mm 353 192 mm 355 194 ku 119 359 197 mm 359 197
3 mm 363 199 mm 367 200 mm 370 200
1 mm 371 200
0
0
2 mm 373 204 mm 376 210
4 mm 379 218 mm 383 226 mm 387 234 mm 394 240
3 mm 402 245 mm 409 250 mm 415 253
5 mm 423 255 kd 100 434 256 mm 429 256 mm 434 256 ku 100 434 256
2 mm 437 256 mm 439 256
1 mm 440 256
1 mm 441 256
1 mm 442 256
0
0
0
3 mm 441 256 mm 440 255 mm 439 253
4 mm 437 251 mm 435 249 mm 433 247 mm 432 245
3 mm 431 243 mm 430 241 mm 429 240
1 mm 429 239
0
2 mm 429 238 mm 430 238
1 mm 430 237
1 kd 32 430 237
0
0
2 mm 431 237 mm 432 237
6 mm 433 237 mm 434 237 mm 435 238 mm 436 238 mm 437 238 mm 438 238
2 mm 439 238 ku 32 439 238
0
0
0
0
0
0
0
0
0
0
0
0
0
0
0
0
0
0
0
0
0
0
0
0
0
0
0
0
0
0
0
0
0
0
0
0
0
0
0
0
0
0
0
0
0
0
0
0
0
0
0
0
0
0
0
0
0
0
0
0
0
0
0
0
0
0
0
0
0
0
0
0
0
0
1 kd 119 439 238
0
0
0
0
0
1 ku 119 439 238
0
0
0
0
0
0
0
0
0
0
0
0
0
0
0
1 kd 115 439 238
0
0
1 ku 115 439 238
0
0
0
0
0
0
0
0
0
0
0
0
0
0
0
0
0
0
0
0
1 kd 100 439 238
0
0
0
0
0
0
0
0
0
0
0
0
0
0
0
1 ku 100 439 238
0
0
0
0
0
0
0
0
0
0
0
0
0
0
0
0
0
1 kd 100 439 238
0
0
0
0
0
0
1 ku 100 439 238
0
0
0
0
0
0
0
1 kd 115 439 238
0
0
0
0
0
0
0
1 kd 100 439 238
0
1 ku 115 439 238
0
0
0
0
0
0
0
0
0
0
0
0
0
0
0
1 kd 119 439 238
0
0
0
0
1 ku 119 439 238
0
0
0
0
0
1 ku 100 439 238
0
0
0
0
0
0
0
0
0
0
0
1 kd 100 439 238
0
0
0
0
0
0
0
0
0
0
0
0
0
0
0
0
0
1 kd 119 439 238
0
0
1 ku 100 439 238
0
0
0
1 ku 119 439 238
0
0
0
0
0
0
0
0
0
0
1 kd 100 439 238
0
0
0
0
0
0
1 kd 115 439 238
0
1 ku 115 439 238
0
0
0
0
0
0
0
0
0
1 kd 119 439 238
0
0
0
0
0
0
1 ku 100 439 238
0
0
0
0
0
0
0
0
0
0
0
0
0
0
0
0
0
0
0
0
0
0
0
0
0
0
0
0
1 kd 97 439 238
0
0
0
1 ku 97 439 238
0
0
1 ku 119 439 238
0
0
0
0
1 kd 119 439 238
0
0
0
0
0
0
0
0
0
0
1 ku 119 439 238
0
0
0
0
1 kd 119 439 238
0
0
0
0
0
0
0
0
0
0
0
1 ku 119 439 238
0
0
0
0
0
0
0
0
0
0
0
0
0
0
0
0
0
1 kd 115 439 238
0
0
0
1 ku 115 439 238
0
0
0
1 kd 119 439 238
0
0
0
0
0
0
0
0
0
0
0
0
0
0
0
1 kd 97 439 238
0
0
0
0
0
0
0
0
0
0
0
0
0
0
1 ku 119 439 238
0
0
0
0
0
0
1 ku 97 439 238
0
0
0
0
0
0
1 kd 100 439 238
0
0
0
0
0
0
1 kd 115 439 238
0
1 ku 100 439 238
0
0
0
0
0
0
0
0
1 kd 100 439 238
0
0
0
0
0
0
0
0
0
0
0
0
0
0
0
0
0
0
0
0
0
0
0
0
0
0
0
0
0
2 ku 100 439 238 ku 115 439 238
0
0
0
0
0
0
0
0
0
0
0
0
0
0
0
0
0
0
0
0
0
0
0
0
0
0
0
0
0
0
1 mm 441 238
3 mm 444 238 mm 448 238 mm 454 238
3 mm 460 237 mm 464 236 mm 468 234
4 mm 471 232 mm 474 227 mm 477 222 mm 482 216
4 mm 488 210 mm 494 203 mm 500 198 mm 507 192
2 mm 512 188 mm 514 185
4 mm 517 183 mm 519 180 mm 521 179 mm 523 177
3 mm 525 175 mm 527 174 mm 528 173
2 mm 529 172 mm 530 172
2 mm 531 171 mm 532 171
0
0
0
0
0
0
0
0
0
1 mm 532 172
0
1 mm 532 173
3 mm 532 174 mm 532 175 mm 533 176
4 mm 533 177 mm 533 179 mm 533 181 mm 533 183
3 mm 534 185 mm 534 188 mm 534 190
4 mm 535 191 mm 535 193 mm 535 194 mm 536 194
1 mm 536 195
0
0
0
0
0
0
0
0
0
0
0
0
0
0
0
0
0
0
0
0
0
0
0
0
0
0
0
0
0
0
0
0
0
0
0
0
0
0
0
0
0
0
0
0
3 mm 537 195 mm 538 195 mm 539 195
4 mm 540 195 mm 541 195 mm 542 196 mm 545 197
3 mm 547 198 mm 549 200 mm 552 201
3 mm 555 203 mm 558 205 mm 562 207
4 mm 564 209 mm 566 212 mm 566 215 mm 567 217
3 mm 568 219 mm 568 221 mm 568 223
3 mm 568 224 mm 568 226 mm 568 227
3 mm 568 229 mm 568 230 mm 568 231
3 mm 568 233 mm 568 234 mm 568 235
0
0
0
0
0
0
0
0
1 mm 566 236
4 mm 564 236 mm 562 237 mm 560 238 mm 558 239
4 mm 555 239 mm 552 240 mm 550 241 mm 548 241
2 mm 547 241 mm 546 241
3 mm 545 241 mm 544 241 mm 543 241
3 mm 542 241 mm 541 241 mm 540 241
1 mm 540 240
2 kd 32 539 240 mm 539 240
8 mm 539 241 mm 539 242 mm 538 245 mm 538 247 mm 538 248 mm 538 251 mm 538 252 ku 32 538 252
0
0
0
0
0
0
0
0
0
0
0
0
0
0
0
0
0
0
0
0
0
0
0
0
0
0
0
0
0
0
0
0
0
0
0
0
0
0
0
0
0
0
0
0
0
0
0
0
0
0
0
0
0
0
0
0
0
0
0
0
0
0
0
0
0
0
0
0
0
0
0
0
0
0
0
0
0
0
0
0
0
0
0
0
0
0
0
0
0
0
0
0
0
0
0
0
0
0
0
0
0
0
0
1 kd 115 538 252
0
0
0
0
0
0
0
0
0
0
0
0
0
0
0
0
0
0
0
0
0
0
0
0
0
0
0
0
0
0
0
0
0
0
0
0
0
0
0
0
0
0
0
0
1 ku 115 538 252
0
0
0
0
0
0
0
0
0
0
0
0
1 kd 97 538 252
0
0
0
0
0
0
0
1 ku 97 538 252
0
0
0
0
1 kd 100 538 252
0
0
0
0
0
0
0
0
0
0
0
0
0
1 ku 100 538 252
0
0
0
0
0
0
1 kd 97 538 252
0
0
0
0
0
0
0
0
0
0
1 kd 115 538 252
0
1 ku 97 538 252
0
0
0
0
0
1 kd 97 538 252
0
0
1 ku 115 538 252
0
0
0
0
0
0
0
0
0
1 ku 97 538 252
0
0
0
0
0
0
0
0
0
0
0
0
0
0
0
0
0
0
0
0
0
0
0
0
0
0
0
0
0
0
0
0
0
0
0
0
0
0
0
0
0
0
0
0
0
0
0
0
0
0
0
0
0
0
0
0
0
1 mm 537 252
5 mm 536 255 mm 534 257 mm 533 259 mm 532 262 mm 530 264
0
3 mm 526 269 mm 525 269 mm 525 270
0
0
2 mm 526 270 mm 527 270
3 mm 529 270 mm 530 270 mm 533 269
3 mm 535 269 mm 537 269 mm 538 269
3 mm 540 268 mm 541 268 mm 542 268
2 mm 544 267 mm 545 267
3 mm 546 266 mm 549 266 mm 552 265
3 mm 555 265 mm 559 264 mm 563 263
4 mm 567 263 mm 571 263 mm 574 262 mm 577 262
5 mm 580 261 kd 97 584 261 mm 582 261 mm 583 261 mm 584 261
2 mm 585 261 mm 586 261
1 mm 587 260
1 mm 588 260
2 mm 589 260 mm 589 261
4 mm 590 262 mm 591 263 mm 592 265 ku 97 592 265
4 mm 593 266 mm 595 267 mm 596 268 mm 598 269
3 mm 599 271 mm 600 271 mm 601 272
4 mm 601 273 mm 602 273 mm 602 274 mm 603 274
3 mm 604 275 mm 604 277 mm 605 278
3 mm 607 280 mm 609 282 mm 612 285
4 mm 615 288 mm 619 291 mm 623 294 mm 626 296
3 mm 628 299 mm 630 300 mm 631 302
1 mm 632 303
1 mm 633 303
2 mm 634 303 mm 635 303
0
1 kd 32 635 303
0
0
2 mm 635 306 mm 635 307
3 mm 634 308 mm 633 308 mm 632 309
0
0
0
1 ku 32 632 309
0
0
0
0
0
0
0
0
0
0
0
0
0
0
0
0
0
0
0
0
0
0
0
0
0
0
0
0
0
0
0
0
0
0
0
0
0
0
0
0
0
0
0
0
0
0
0
0
0
0
0
0
0
0
0
0
0
0
0
0
0
0
0
1 kd 100 632 309
0
0
0
0
0
0
0
0
0
0
0
0
0
0
0
0
0
0
0
0
0
0
0
0
0
0
0
0
0
0
0
0
0
0
0
0
0
0
0
0
0
0
0
0
0
0
0
0
0
0
0
0
0
0
0
1 kd 119 632 309
0
0
0
0
0
0
0
0
0
0
0
0
0
0
0
0
0
0
0
0
0
0
0
0
0
1 ku 100 632 309
1 kd 97 632 309
0
0
0
0
1 ku 119 632 309
0
0
0
0
0
0
0
0
0
0
0
0
0
0
0
0
0
0
0
0
0
0
0
0
1 ku 97 632 309
0
0
0
0
0
0
0
0
0
0
0
0
0
0
0
0
0
0
0
0
0
0
0
0
0
0
0
0
0
0
0
0
0
0
0
0
0
0
0
0
0
0
0
0
0
0
0
0
0
0
0
0
0
0
0
1 mm 632 307
3 mm 632 305 mm 632 304 mm 632 303
4 mm 632 302 mm 632 301 mm 632 300 mm 631 300
3 mm 631 299 mm 631 298 mm 631 297
1 mm 631 296
2 mm 630 296 mm 630 295
2 mm 630 294 mm 629 294
4 mm 629 293 mm 628 293 mm 628 292 mm 627 292
2 mm 625 291 mm 623 290
4 mm 621 289 mm 619 288 mm 615 288 mm 612 287
4 mm 608 286 mm 603 285 mm 599 284 mm 594 283
2 mm 590 283 mm 586 282
4 mm 582 282 mm 579 281 mm 576 281 mm 573 281
4 mm 571 281 mm 569 281 mm 567 281 mm 565 281
3 mm 564 281 mm 563 281 mm 561 281
2 mm 560 281 mm 559 281
2 mm 558 281 mm 557 281
3 mm 556 281 mm 555 281 mm 554 281
4 mm 553 281 mm 551 281 mm 549 281 mm 546 281
3 mm 544 280 mm 542 279 mm 540 278
3 mm 538 277 mm 537 277 mm 536 275
3 mm 535 274 mm 535 273 mm 534 272
4 mm 534 271 mm 533 269 mm 532 268 mm 531 266
3 mm 529 264 mm 527 262 mm 525 261
3 mm 523 258 mm 521 257 mm 520 255
4 mm 518 253 mm 517 251 mm 516 250 mm 515 249
3 mm 514 248 mm 514 247 mm 514 246
3 mm 514 245 mm 514 244 mm 513 243
2 mm 513 242 mm 513 241
5 mm 513 240 mm 513 239 mm 513 238 mm 513 237 mm 513 236
0
4 mm 513 233 mm 513 231 mm 513 229 mm 513 226
3 mm 513 224 mm 513 223 mm 512 221
4 mm 512 220 mm 512 218 mm 512 216 mm 511 215
3 mm 510 213 mm 510 212 mm 510 211
1 mm 510 210
1 kd 32 510 210
0
0
0
0
0
0
0
1 ku 32 510 210
0
0
0
0
0
0
0
0
0
0
0
0
0
0
0
0
0
0
0
0
0
0
0
0
0
0
0
0
0
0
0
0
0
0
0
0
0
0
0
0
0
0
0
0
0
0
0
0
0
0
0
0
0
0
0
0
0
0
0
0
0
0
0
0
0
0
1 kd 115 510 210
0
0
0
0
0
0
0
0
0
0
0
0
0
0
0
1 kd 100 510 210
0
0
0
0
0
0
0
0
0
0
1 ku 100 510 210
0
0
0
0
1 ku 115 510 210
0
0
0
0
0
0
0
0
0
1 kd 97 510 210
0
0
0
0
1 kd 115 510 210
0
1 ku 97 510 210
0
0
0
0
0
0
0
0
0
0
0
0
0
0
0
0
0
0
0
0
1 ku 115 510 210
0
0
0
0
0
0
0
1 kd 115 510 210
0
0
0
0
0
0
1 ku 115 510 210
0
0
0
0
0
0
0
0
0
0
0
0
0
0
0
0
0
0
0
0
0
0
0
0
0
0
0
0
0
0
0
0
0
0
0
0
0
0
0
0
0
0
0
0
0
0
0
0
0
0
0
0
0
0
0
0
0
0
0
0
0
0
0
0
0
0
0
0
0
0
0
0
0
0
0
0
0
0
0
0
0
0
0
0
0
0
0
0
0
0
0
0
0
0
0
0
0
0
0
0
0
0
0
0
0
1 kd 100 510 210
0
0
0
0
0
0
0
1 kd 115 510 210
3 mm 510 212 mm 511 215 ku 100 511 215
4 mm 511 218 mm 512 222 mm 513 225 mm 514 229
3 mm 515 235 mm 517 240 mm 519 246
4 mm 523 253 mm 528 261 mm 536 270 mm 541 278
2 mm 545 285 mm 549 293
4 mm 553 299 mm 558 306 mm 562 312 mm 565 319
3 mm 567 325 mm 569 331 mm 571 336
3 mm 572 340 mm 573 344 mm 574 347
4 mm 575 349 mm 576 351 mm 576 353 mm 577 355
3 mm 577 357 mm 578 359 mm 579 360
3 mm 579 361 mm 579 362 mm 580 363
1 mm 580 364
1 mm 581 364
1 mm 581 365
1 kd 100 581 365
0
3 mm 582 365 ku 115 583 365 mm 583 365
4 mm 584 364 mm 585 364 mm 586 363 mm 587 361
3 mm 588 359 mm 590 357 mm 591 355
4 mm 592 352 mm 593 350 mm 594 349 mm 594 348
2 mm 594 347 mm 594 346
1 mm 595 345
3 mm 595 344 kd 119 595 343 mm 595 343
1 mm 595 342
1 mm 595 341
1 mm 595 340
0
0
0
0
0
0
0
0
1 ku 119 595 340
0
0
0
0
0
0
0
0
0
0
0
1 kd 115 595 340
0
0
0
1 ku 115 595 340
0
0
0
1 kd 119 595 340
0
0
0
0
1 ku 100 595 340
0
0
0
0
0
1 mm 595 338
4 mm 595 336 mm 593 334 mm 592 332 mm 591 331
3 mm 590 329 mm 589 327 mm 587 324
3 mm 585 322 mm 583 319 mm 580 315
5 mm 577 311 mm 573 308 mm 571 304 kd 97 567 300 mm 567 300
4 mm 564 296 mm 561 292 mm 558 287 mm 555 283
2 mm 550 279 mm 546 275
4 mm 542 271 mm 539 268 mm 536 265 mm 534 262
3 mm 532 260 mm 531 258 mm 529 256
4 mm 528 255 mm 527 254 mm 525 253 mm 525 252
3 mm 524 251 mm 523 250 mm 522 249
2 mm 521 248 mm 521 247
2 mm 520 246 mm 520 245
3 mm 519 244 mm 519 243 mm 519 242
2 ku 97 519 241 mm 519 241
2 mm 519 240 mm 519 239
1 mm 519 238
2 mm 519 237 mm 519 236
2 kd 100 519 235 mm 519 235
1 mm 519 234
0
2 mm 520 234 mm 520 233
2 mm 521 233 mm 522 233
3 mm 523 233 mm 524 233 mm 525 233
4 mm 527 233 mm 528 233 mm 531 233 mm 534 233
3 mm 536 233 mm 538 233 mm 539 234
3 mm 540 236 mm 542 237 mm 544 238
5 mm 546 240 mm 548 241 mm 551 242 ku 119 555 244 mm 555 244
3 mm 559 246 mm 562 247 mm 565 248
4 mm 568 249 mm 571 249 mm 573 249 mm 574 250
3 mm 576 251 mm 577 251 mm 578 252
3 mm 579 252 mm 580 252 mm 581 253
0
1 mm 582 253
0
0
0
0
0
0
0
0
0
0
0
0
0
0
0
0
0
0
0
0
0
0
0
0
0
0
0
0
0
0
0
1 kd 119 582 253
0
0
0
0
0
0
0
0
0
1 ku 100 582 253
0
0
0
0
0
0
0
0
0
0
0
0
0
0
0
0
0
0
0
0
0
0
0
1 kd 97 582 253
0
0
0
0
0
0
1 ku 97 582 253
0
0
0
0
0
0
0
0
0
0
0
1 ku 119 582 253
0
0
0
0
1 kd 115 582 253
0
0
0
0
0
0
0
0
0
0
0
0
1 kd 97 582 253
0
0
0
1 ku 115 582 253
0
0
0
0
0
0
0
0
0
0
0
1 kd 119 582 253
0
0
0
1 ku 119 582 253
0
0
0
0
0
0
0
0
0
0
0
0
0
0
0
0
1 kd 115 582 253
0
0
0
0
0
0
0
1 ku 115 582 253
0
0
0
0
0
0
1 kd 115 582 253
0
0
0
1 ku 115 582 253
0
0
1 kd 119 582 253
1 ku 97 582 253
0
0
0
0
0
0
0
0
0
0
0
0
0
1 kd 97 582 253
0
0
0
0
0
0
0
0
0
1 ku 97 582 253
0
0
0
0
0
0
0
0
0
1 kd 97 582 253
0
0
0
0
0
1 ku 97 582 253
0
0
1 ku 119 582 253
0
0
0
0
0
0
1 kd 115 582 253
0
0
0
0
0
0
0
0
0
0
0
0
1 ku 115 582 253
0
0
0
0
0
0
0
0
0
0
0
0
0
0
0
0
0
0
0
0
0
0
0
0
0
0
0
0
0
0
0
0
0
0
0
0
0
0
0
0
0
0
0
0
0
0
0
0
0
0
0
0
0
0
0
0
0
0
0
0
0
1 kd 27 582 253
